p3d_1=[[0.2897513661, 0.0133565288, 0.9570087507];
[0.1910756941, 0.0155335017, 0.9814523878];
[0.2109625278, -0.0151779631, 0.9773763049];
[0.3134306664, -0.0064468093, 0.9495892038];
[0.3661622770, 0.0123168609, 0.9304694954];
[0.3779121346, 0.0016551082, 0.9258399857];
[0.4409715416, 0.0117927024, 0.8974436092];
[0.4500663064, 0.0082211647, 0.8929572959];
[0.4869917262, 0.0116558381, 0.8733288041];
[0.5611335207, 0.0140318526, 0.8276063551];
[0.4983990872, 0.0133284613, 0.8668452584];
[0.5259734705, -0.0197876178, 0.8502707560];
[0.4068167433, -0.0268856447, 0.9131140671];
[0.4217959788, -0.0064810289, 0.9066676064];
[0.4351170369, 0.0017054445, 0.9003722873];
[-0.6456077210, 0.0211022477, 0.7633776036];
[-0.6204131234, -0.0180517468, 0.7840674019];
[-0.5837488844, 0.0208027467, 0.8116677187];
[-0.4853860169, 0.0203982445, 0.8740619693];
[-0.5129387806, -0.0497820504, 0.8569804868];
[-0.1713534946, 0.0184831277, 0.9850362196];
[-0.3462789538, 0.0197265728, 0.9379241699];
[-0.3744411159, -0.0059380168, 0.9272316812];
[-0.1803117132, -0.0653622203, 0.9814354111];
[-0.3732210559, -0.0484552532, 0.9264761907];
[0.0190725685, 0.0171465333, 0.9996710627];
[0.0162181879, -0.0776208750, 0.9968510271];
[0.2109761516, -0.0819863141, 0.9740468714];
[0.4148880961, -0.0843239572, 0.9059565872];
[0.5861544184, -0.0568524791, 0.8082021984];
[0.7682123903, -0.0249140210, 0.6397101023];
[0.7635573395, 0.0133697033, 0.6456016111];
[0.8599069264, 0.0128344019, 0.5102894826];
[0.8659688228, -0.0343528089, 0.4989167090];
[0.9027005090, 0.0126450802, 0.4300835884];
[0.9119129552, -0.0251910452, 0.4096097819];
[0.9350322282, 0.0125647648, 0.3543400330];
[0.9430776864, -0.0119640218, 0.3323572470];
[0.9558311315, 0.0125934745, 0.2936464754];
[0.9605931860, -0.0173742863, 0.2774146089];
[0.9700547997, 0.0129389265, 0.2425412744];
[0.9663676502, -0.0103630238, 0.2569555845];
[-0.3940028023, -0.0915643214, 0.9145369139];
[-0.3216760010, -0.1481525905, 0.9351873397];
[-0.1611960212, -0.1272120005, 0.9786894041];
[0.0198853444, -0.1283472100, 0.9915299122];
[0.2254109524, -0.1352539738, 0.9648296560];
[0.4146963719, -0.1200609795, 0.9020045900];
[0.6001698505, -0.0891673931, 0.7948869898];
[0.7743223830, -0.0477150254, 0.6309897967];
[-0.4396971936, -0.1445650072, 0.8864351847];
[-0.3965994923, -0.1742382382, 0.9013045429];
[-0.4879001539, -0.1240940182, 0.8640336304];
[-0.5936967607, -0.0919589704, 0.7994171027];
[-0.6812653793, -0.0337398092, 0.7312585782];
[-0.4483296089, -0.1459897632, 0.8818659483];
[-0.4060613753, -0.1797084788, 0.8960016865];
[-0.7072263888, -0.0562615962, 0.7047449664];
[-0.8478272048, -0.0185723648, 0.5299472597];
[-0.8454690592, -0.0191751728, 0.5336800377];
[-0.7153249671, -0.0664712859, 0.6956232885];
[-0.7317532289, 0.0228998444, 0.6811848568];
[-0.8626718069, 0.0228812775, 0.5052462773];
[-0.8647964622, 0.0002788999, 0.5021224962];
[-0.7181421935, -0.0054226629, 0.6958752651];
[-0.4723397236, -0.1477735460, 0.8689408292];
[-0.5222330784, -0.1489474058, 0.8396947553];
[-0.5249042582, -0.1528143872, 0.8373310473];
[-0.5913620090, -0.1257739068, 0.7965374434];
[-0.5937112263, -0.1273947236, 0.7945297755];
[-0.7151293739, -0.0767056855, 0.6947706214];
[-0.8369939161, -0.0260123816, 0.5465935788];
[-0.5992273884, -0.1375112588, 0.7886806646];
[-0.5144379430, -0.1817996680, 0.8380348940];
[-0.4219112463, -0.2047251040, 0.8832205456];
[-0.6049173631, -0.1525752126, 0.7815342528];
[-0.4782066878, -0.1811251308, 0.8593672386];
[-0.4478038002, -0.1725161799, 0.8773311371];
[-0.4032035514, -0.2130963536, 0.8899532798];
[-0.8374079049, -0.0426883481, 0.5449088967];
[-0.7257885759, -0.0920911010, 0.6817258776];
[-0.4997812936, -0.1837506438, 0.8464362702];
[-0.6670786297, -0.0974361851, 0.7385880391];
[-0.4368110371, -0.1508193925, 0.8868199528];
[-0.7364956553, -0.0420710819, 0.6751327083];
[-0.7362100232, -0.0870916185, 0.6711258092];
[-0.1784797355, -0.2860385038, 0.9414493924];
[-0.1812807816, -0.2480848916, 0.9516255381];
[-0.3774170864, -0.2246243500, 0.8983875802];
[-0.1281644830, -0.2713011062, 0.9539232543];
[-0.3176213983, -0.2047437983, 0.9258491369];
[-0.2933110730, -0.1736078556, 0.9401217618];
[-0.1309917628, -0.2050049103, 0.9699557437];
[0.0348677192, -0.2140512756, 0.9761999250];
[0.1077839423, -0.2691015447, 0.9570616388];
[0.2767895821, -0.2116887735, 0.9373235249];
[0.3251008319, -0.2442395805, 0.9135953571];
[0.4593023106, -0.1835290764, 0.8691136092];
[0.5094450587, -0.2129481730, 0.8337378531];
[0.6326800677, -0.1562387150, 0.7584888898];
[0.6843190706, -0.1727615976, 0.7084213718];
[0.7902909642, -0.1036311011, 0.6039046173];
[0.8175488967, -0.0946193664, 0.5680325493];
[0.8701280123, -0.0655210684, 0.4884508489];
[0.8876970955, -0.0652942993, 0.4557746385];
[0.9159391654, -0.0330148002, 0.3999568330];
[0.9237541067, -0.0355263545, 0.3813347983];
[0.9405436897, -0.0191087489, 0.3391348160];
[0.9437331703, -0.0225276780, 0.3299397020];
[0.9613552427, -0.0454837599, 0.2715277608];
[0.1034711624, -0.2646620145, 0.9587740801];
[0.4028084902, -0.2106851739, 0.8907059435];
[0.5680763838, -0.1895821677, 0.8008419469];
[0.7226465700, -0.1294044789, 0.6789966242];
[0.8416699427, -0.0554111462, 0.5371417992];
[0.9080788428, -0.0215530748, 0.4182442830];
[0.9316278804, -0.0109942296, 0.3632473253];
[0.9582800365, -0.0051524360, 0.2857845763];
[0.9675179462, -0.0266078873, 0.2513981784];
[0.0305604431, -0.5576996895, 0.8294800273];
[0.0251961187, -0.5554256555, 0.8311843940];
[0.1960972548, -0.4571896377, 0.8674811248];
[0.3725553823, -0.5499099751, 0.7475302713];
[0.2752802258, -0.5976324011, 0.7530314140];
[0.1192137356, -0.6035800292, 0.7883395421];
[0.4259299013, 0.0289553329, 0.9042927114];
[0.1421731514, 0.0343259997, 0.9892464409];
[0.7504932380, 0.0208629609, 0.6605487390];
[0.8548613534, 0.0172888009, 0.5185683791];
[0.9330236235, 0.0152943715, 0.3594899167];
[0.9600399359, 0.0143424643, 0.2794952864];
[-0.4182875120, 0.0356198815, 0.9076159878];
[-0.1194048114, 0.0364594359, 0.9921759927];
[-0.6459656380, 0.0329690668, 0.7626542042];
[-0.7349237970, 0.0292886354, 0.6775169285];
[-0.8419779757, -0.0241586656, 0.5389707295];
[-0.8398979901, 0.0269617184, 0.5420741942];
[-0.8831298515, -0.0028134811, 0.4691201869];
[-0.8914864543, 0.0249549953, 0.4523595362];
[0.9771460671, -0.1861807694, 0.1025781875];
[0.9608643770, -0.2234138009, 0.1637862101];
[0.9640486144, -0.2551952807, 0.0740650919];
[0.9733539531, -0.0397653466, 0.2258335654];
[0.9837168636, -0.0176313615, 0.1788582324];
[0.9787359605, 0.0130763642, 0.2047069329];
[0.9888009175, -0.0054546081, 0.1491408491];
[0.9848411223, 0.0130606958, 0.1729664186];
[0.9620396372, -0.0646451916, 0.2651428590];
[-0.8741561111, 0.0236904605, 0.4850668567];
[-0.8743192025, 0.0017330235, 0.4853482552];
[-0.8843987411, -0.0042662331, 0.4667126161];
[-0.8882607670, 0.0241539459, 0.4587040404];
[0.1264256890, -0.6049074109, 0.7861956305];
[0.2811590446, -0.5940864833, 0.7536649402];
[0.4925452316, 0.0124126385, 0.8701983229];
[0.5035590256, 0.0118420113, 0.8638796644];
[0.6176367836, 0.0244927707, 0.7860819981];
[0.9072037147, 0.0161827830, 0.4203802297];
[0.9698902554, 0.0139857747, 0.2431404750];
[0.9640212828, -0.1602224250, 0.2121125666];
[0.9613199998, -0.2248677443, 0.1590545681];
[0.9626510511, -0.1583299038, 0.2196237585];
[0.9901658841, -0.0554918944, 0.1284218504];
[-0.3633867636, 0.0197956069, 0.9314280401];
[0.3132659469, 0.0330502035, 0.9490901593];
[0.2107619047, 0.0461628200, 0.9764468309];
[0.3778118769, 0.0230923112, 0.9255943663];
[0.4500269321, 0.0155736764, 0.8928791749];
[0.5254756066, 0.0477810345, 0.8494659261];
[0.4215719517, 0.0332254478, 0.9061860511];
[0.4063250690, 0.0560072250, 0.9120104873];
[0.4349944780, 0.0237942208, 0.9001186806];
[-0.6193881822, 0.0602172809, 0.7827720989];
[-0.5114441340, 0.0910116369, 0.8544833408];
[-0.3740534031, 0.0458803080, 0.9262715849];
[-0.3721904917, 0.0885995431, 0.9239179395];
[-0.1797385710, 0.1029185977, 0.9783158020];
[0.0161645056, 0.1122240380, 0.9935514451];
[0.2102980610, 0.1144395562, 0.9709162237];
[0.4136233697, 0.1146937820, 0.9031949094];
[0.5849539952, 0.0855027066, 0.8065470294];
[0.7674149137, 0.0519088676, 0.6390460232];
[0.8648739961, 0.0608612689, 0.4982859388];
[0.9109881680, 0.0515801262, 0.4091943894];
[0.9424608103, 0.0380886028, 0.3321398490];
[0.9598448278, 0.0431150264, 0.2771984867];
[0.9657768279, 0.0364644539, 0.2567984858];
[-0.3921915410, 0.1322124798, 0.9103327169];
[-0.3193855804, 0.1892817478, 0.9285285515];
[-0.1602436887, 0.1666528445, 0.9729073901];
[0.0197755044, 0.1652523645, 0.9860530338];
[0.2242128316, 0.1694165792, 0.9597013227];
[0.4128419787, 0.1523462952, 0.8979711059];
[0.5982952943, 0.1189042961, 0.7924042587];
[0.7730078107, 0.0752431463, 0.6299185611];
[-0.3932099880, 0.2164764455, 0.8936016192];
[-0.4365916410, 0.1862279553, 0.8801743507];
[-0.4848150088, 0.1667687980, 0.8585700759];
[-0.5906459570, 0.1364575872, 0.7953091728];
[-0.6795031649, 0.0793672410, 0.7293670475];
[-0.4022741717, 0.2241916644, 0.8876449675];
[-0.4449987575, 0.1892121605, 0.8753141517];
[-0.7045974251, 0.1027746773, 0.7021252269];
[-0.8437032086, 0.0673721003, 0.5325653911];
[-0.8461656925, 0.0652625577, 0.5289087062];
[-0.7120581686, 0.1161510116, 0.6924464651];
[-0.7172077828, 0.0512829000, 0.6949698270];
[-0.8638839618, 0.0459269881, 0.5015926756];
[-0.4687058425, 0.1919110525, 0.8622557516];
[-0.5205892190, 0.1983520597, 0.8304476657];
[-0.5181086205, 0.1938282214, 0.8330630696];
[-0.5873226850, 0.1709331415, 0.7910966596];
[-0.5894401821, 0.1741626160, 0.7888140813];
[-0.7113506211, 0.1279134539, 0.6910994445];
[-0.8348631031, 0.0758835130, 0.5452020648];
[-0.5942137508, 0.1877709144, 0.7820819024];
[-0.5093033032, 0.2285982369, 0.8296704113];
[-0.4166417938, 0.2563102678, 0.8721895793];
[-0.5991628345, 0.2043862382, 0.7740995824];
[-0.4735127215, 0.2273777117, 0.8509318884];
[-0.4437730696, 0.2171397293, 0.8694341842];
[-0.3984089619, 0.2607251209, 0.8793706331];
[-0.8344705034, 0.0938759325, 0.5429975029];
[-0.7212303223, 0.1445543727, 0.6774443560];
[-0.6618261176, 0.1582109318, 0.7327724689];
[-0.4941152226, 0.2356877857, 0.8368401367];
[-0.4314264621, 0.2160815176, 0.8758881125];
[-0.7335399451, 0.0988236197, 0.6724232604];
[-0.7316757839, 0.1406117472, 0.6669924166];
[-0.1751785627, 0.3398079137, 0.9240362834];
[-0.1780137940, 0.3083283755, 0.9344756295];
[-0.3727041180, 0.2720712247, 0.8871690307];
[-0.1263318953, 0.3160813599, 0.9402833754];
[-0.3142898024, 0.2488244488, 0.9161377155];
[-0.2908221905, 0.2157065067, 0.9321443861];
[-0.1297122733, 0.2462722475, 0.9604814971];
[0.0345305199, 0.2533459057, 0.9667592747];
[0.1063276740, 0.3119478926, 0.9441307844];
[0.2742844126, 0.2490468537, 0.9288399893];
[0.3214696108, 0.2837994209, 0.9033909331];
[0.4560243556, 0.2177763827, 0.8629109075];
[0.5048920712, 0.2496686436, 0.8262866118];
[0.6291933660, 0.1874402813, 0.7543088553];
[0.6798095663, 0.2063749350, 0.7037530389];
[0.7875494178, 0.1326312856, 0.6018096515];
[0.8146752729, 0.1261249183, 0.5660359570];
[0.8682002592, 0.0932741402, 0.4873686948];
[0.8855439581, 0.0953303145, 0.4546691427];
[0.9147624394, 0.0604563392, 0.3994430002];
[0.9224239482, 0.0643141797, 0.3807856958];
[0.9397133709, 0.0461447185, 0.3388354253];
[0.9427587809, 0.0506986290, 0.3295990445];
[0.9598718712, 0.0717357171, 0.2711087934];
[0.1017294725, 0.3179459099, 0.9426354082];
[0.3979689985, 0.2592536551, 0.8800046696];
[0.5626219692, 0.2331639726, 0.7931526219];
[0.7184181926, 0.1679832378, 0.6750236531];
[0.8395599681, 0.0897915206, 0.5357952434];
[0.9069908531, 0.0534624357, 0.4177431751];
[0.9308977745, 0.0410785370, 0.3629626526];
[0.9577471804, 0.0337389726, 0.2856256644];
[0.9664234873, 0.0544748073, 0.2511137961];
[0.0294360428, 0.6006616801, 0.7989612415];
[0.0242449489, 0.5997678816, 0.7998066458];
[0.1903994964, 0.5043010342, 0.8422757854];
[0.3598579659, 0.5908821733, 0.7220529771];
[0.1145453471, 0.6427449940, 0.7574683071];
[0.2648036893, 0.6365242435, 0.7243727587];
[-0.8397390793, 0.0767571061, 0.5375375571];
[-0.8818939236, 0.0529613726, 0.4684636598];
[0.9575485862, 0.2787270904, 0.0735657134];
[0.9548714827, 0.2484514257, 0.1627646784];
[0.9721502657, 0.2109713126, 0.1020537416];
[0.9719985438, 0.0660300793, 0.2255190889];
[0.9829276715, 0.0437519537, 0.1787147424];
[0.9883296692, 0.0313475417, 0.1490697707];
[0.9600564845, 0.0909964204, 0.2645962924];
[-0.8734042829, 0.0457687146, 0.4848403690];
[-0.8831701516, 0.0528637992, 0.4660642681];
[0.2703659704, 0.6337694592, 0.7247334093];
[0.1213361732, 0.6449327174, 0.7545457727];
[0.9552467116, 0.2500480099, 0.1580497162];
[0.9594749289, 0.1866533796, 0.2111122372];
[0.9582170394, 0.1844690435, 0.2186121621];
[0.9883999395, 0.0814380899, 0.1281928122];
[-0.9898892335, 0.0268833146, -0.1392716511];
[-0.9588424510, 0.0207477938, -0.2831795954];
[-0.9554952102, -0.0208109493, -0.2942716564];
[-0.9878072458, -0.0136824866, -0.1550794466];
[-0.9984007031, 0.0346826235, -0.0446447276];
[-0.9973751550, 0.0047666046, -0.0722501187];
[-0.9982864074, 0.0472635143, -0.0345023058];
[-0.9957630831, 0.0332568466, -0.0857313512];
[-0.9918340826, 0.0592692417, -0.1129261246];
[-0.7195465732, 0.0388412332, -0.6933571141];
[-0.8723544774, 0.0413013119, -0.4871261309];
[-0.7909606347, -0.0531680567, -0.6095526491];
[-0.9052053115, -0.0544219172, -0.4214755021];
[-0.9477408307, -0.0170053794, -0.3185877193];
[-0.9688769528, 0.0053107444, -0.2474858509];
[-0.9317617225, 0.0104107621, -0.3629210776];
[-0.9328851331, -0.0090358586, -0.3600606640];
[-0.9373009292, 0.0108058432, -0.3483535588];
[-0.9437555753, 0.0114851488, -0.3304444060];
[-0.9395517551, -0.0270879295, -0.3413337714];
[-0.9596171487, 0.0143586535, -0.2809426222];
[-0.9507731411, 0.0125825899, -0.3096322216];
[-0.9484161675, -0.0036660411, -0.3170068348];
[-0.9532479114, -0.0489460507, -0.2981991006];
[-0.9458205550, -0.0296169831, -0.3233362213];
[-0.9639926056, 0.0171926656, -0.2653726977];
[-0.9560069758, -0.0752864359, -0.2835182796];
[-0.9290730365, -0.1016530887, -0.3556542456];
[-0.8602124986, -0.1498929110, -0.4874080143];
[-0.6452869074, -0.1426268594, -0.7505080853];
[-0.1861250970, -0.0762900856, -0.9795597333];
[-0.1976066546, 0.0432924352, -0.9793249589];
[0.2057703531, 0.0379710299, -0.9778633661];
[0.1800908071, -0.0885008911, -0.9796606012];
[0.3789368159, 0.0332095145, -0.9248264798];
[0.3440565530, -0.0563573056, -0.9372560709];
[0.4943172319, 0.0288652016, -0.8688022067];
[0.4626091566, -0.0240901778, -0.8862349754];
[0.5571141590, 0.0257271662, -0.8300373045];
[0.5404887321, -0.0328921798, -0.8407080557];
[0.5671098622, 0.0229742685, -0.8233216790];
[0.5416902841, -0.0184868621, -0.8403748402];
[-0.9401716996, -0.0539362885, -0.3364045958];
[-0.9294130006, -0.0882465364, -0.3583350711];
[-0.9334916836, -0.0890793863, -0.3473588051];
[-0.9302166212, -0.1115062561, -0.3496618260];
[-0.8920731359, -0.1507086599, -0.4260192720];
[-0.8200232576, -0.1790319695, -0.5436077730];
[-0.6017799388, -0.1911196876, -0.7754573942];
[-0.1751256965, -0.1320154924, -0.9756551133];
[-0.9293308371, -0.0791434678, -0.3606667530];
[-0.9217253573, -0.0951435677, -0.3759921105];
[-0.9271689999, -0.0649802859, -0.3689650499];
[-0.9202653624, -0.0439183877, -0.3888223734];
[-0.9151060932, -0.0151398976, -0.4029288047];
[-0.9220524597, -0.0765830430, -0.3794130983];
[-0.9107578568, -0.0922077110, -0.4025144275];
[-0.9090269330, -0.0243495453, -0.4160254014];
[-0.8952485484, -0.0073813754, -0.4455059505];
[-0.8905357468, -0.0074341283, -0.4548525226];
[-0.8964491381, -0.0269384445, -0.4423270995];
[-0.9117646050, 0.0099768641, -0.4105919717];
[-0.8964271318, 0.0091705746, -0.4430962627];
[-0.8945193393, 0.0001106702, -0.4470292378];
[-0.9124553279, -0.0023766099, -0.4091694348];
[-0.9177989975, -0.0747956396, -0.3899366775];
[-0.9141718369, -0.0720370306, -0.3988740638];
[-0.9108855729, -0.0726287016, -0.4062173616];
[-0.9143564395, -0.0586776626, -0.4006360361];
[-0.9076895356, -0.0573882335, -0.4156997687];
[-0.8905453013, -0.0301747673, -0.4538926633];
[-0.8860657044, -0.0098455533, -0.4634551031];
[-0.8931779874, -0.0574153768, -0.4460230457];
[-0.9015923638, -0.0833876160, -0.4244734561];
[-0.8777971350, -0.0877850021, -0.4709203576];
[-0.8857113035, -0.0612789797, -0.4601742859];
[-0.9038821715, -0.0857483958, -0.4190993112];
[-0.9119411429, -0.0865262269, -0.4010942084];
[-0.8912739215, -0.0998543598, -0.4423346060];
[-0.8812279971, -0.0157620357, -0.4724285929];
[-0.8845787472, -0.0350872295, -0.4650691630];
[-0.8815212923, -0.0763344258, -0.4659326847];
[-0.8614174575, -0.0332176882, -0.5068101706];
[-0.8418335337, -0.0514274679, -0.5372815994];
[-0.8734764415, -0.0149997844, -0.4866352974];
[-0.8808688901, -0.0324462568, -0.4722470104];
[-0.8362422181, -0.1217006382, -0.5346848673];
[-0.8235087197, -0.0952434958, -0.5592513434];
[-0.8889018983, -0.1062413072, -0.4456076748];
[-0.8702975737, -0.1495129423, -0.4692845761];
[-0.9050211714, -0.1097555708, -0.4109627646];
[-0.9192582501, -0.1012068328, -0.3804227208];
[-0.9051492285, -0.1320756204, -0.4040555712];
[-0.8903273823, -0.1615906765, -0.4256825174];
[-0.8378208142, -0.1769461272, -0.5164749280];
[-0.8173260726, -0.1959949437, -0.5418155342];
[-0.7693134473, -0.2028862601, -0.6058002849];
[-0.7375112068, -0.2300038145, -0.6349609950];
[-0.6711436143, -0.2265757598, -0.7058538616];
[-0.5240100767, -0.2635931965, -0.8098963306];
[-0.4578977138, -0.2332294517, -0.8578657859];
[-0.1554672866, -0.2208225805, -0.9628433469];
[-0.1405384977, -0.1580059415, -0.9773858261];
[0.1336737098, -0.1421953742, -0.9807710308];
[0.1005263179, -0.1113784700, -0.9886805833];
[0.3028432651, -0.0657829226, -0.9507673553];
[0.2664674221, -0.0616669251, -0.9618691716];
[0.4059263800, -0.0360056968, -0.9131962351];
[0.3614346928, -0.0383255633, -0.9316094214];
[0.5125074122, -0.0812479804, -0.8548303447];
[-0.7977422025, -0.1288784396, -0.5890651290];
[-0.7052509801, -0.1338093081, -0.6962155731];
[-0.6198681704, -0.1519943179, -0.7698449056];
[-0.4551866705, -0.1354082955, -0.8800395949];
[-0.1439753164, -0.0756793756, -0.9866832016];
[0.1002314107, -0.0314371011, -0.9944673816];
[0.2400148821, -0.0170854315, -0.9706188461];
[0.3934882035, -0.0080419023, -0.9192944912];
[0.4577247080, -0.0414424955, -0.8881275873];
[-0.7752969650, -0.2224020357, -0.5911446106];
[-0.7751620135, -0.2141682265, -0.5943532819];
[-0.7583947752, -0.2087195239, -0.6174735017];
[-0.6957526350, -0.2579086237, -0.6703815427];
[-0.7167474725, -0.2596333106, -0.6471967280];
[-0.7520592221, -0.2463920481, -0.6113083388];
[-0.6926789980, 0.0158126345, -0.7210726498];
[-0.7761757773, 0.0139870863, -0.6303614234];
[-0.4464542943, 0.0198047483, -0.8945872428];
[-0.1139287586, 0.0233971852, -0.9932133757];
[0.2260360265, 0.0229155952, -0.9738493673];
[0.3961912976, 0.0220775391, -0.9179025210];
[-0.8354965830, 0.0116691245, -0.5493717242];
[-0.8073052295, 0.0128110178, -0.5899950375];
[-0.8526862871, 0.0107099115, -0.5223135012];
[-0.8695725097, 0.0102186094, -0.4936995344];
[-0.8769620620, -0.0087131816, -0.4804806158];
[-0.8738787466, 0.0095625068, -0.4860498892];
[-0.8785911684, -0.0010306927, -0.4775735509];
[-0.8778586121, 0.0091342593, -0.4788327709];
[0.6230021073, -0.2580240766, -0.7384388601];
[0.5299735188, -0.3155446656, -0.7871211047];
[0.6236134024, -0.3381481036, -0.7048135813];
[0.5549564119, -0.0663360892, -0.8292303083];
[0.6036484062, -0.0278716352, -0.7967633110];
[0.5844322734, 0.0214832367, -0.8111580539];
[0.6366368625, -0.0083955408, -0.7711180326];
[0.6097727985, 0.0205202297, -0.7923105795];
[0.5064304968, -0.1124400267, -0.8549183542];
[-0.8890430101, 0.0091575416, -0.4577320894];
[-0.8885871027, 0.0006679970, -0.4587074392];
[-0.8831698051, -0.0016021838, -0.4690506671];
[-0.8834609563, 0.0091001123, -0.4684164030];
[-0.7499410734, -0.2402128831, -0.6163490547];
[-0.7161215928, -0.2544362846, -0.6499477220];
[-0.9405792172, 0.0499395282, -0.3358820920];
[-0.9700011463, 0.0606546065, -0.2354119684];
[-0.5969771149, 0.0179282081, -0.8020579179];
[0.0848049456, 0.0230655633, -0.9961305642];
[0.4641298166, 0.0214960138, -0.8855063154];
[0.4888739381, -0.2378427163, -0.8393051382];
[0.5257377926, -0.3124966752, -0.7911672398];
[0.4973227541, -0.2423221679, -0.8330366410];
[0.6372116446, -0.0816764074, -0.7663486703];
[-0.9502171623, 0.0124367782, -0.3113401212];
[-0.9854752993, 0.0700158203, -0.1547133458];
[-0.9537890643, 0.0632423151, -0.2937462007];
[-0.9951869268, 0.0663760619, -0.0720916029];
[-0.9943403815, 0.0629152488, -0.0856088621];
[-0.7856026335, 0.1276356993, -0.6054235133];
[-0.9442914390, 0.0869081289, -0.3174281894];
[-0.9007476901, 0.1129480408, -0.4193999749];
[-0.9662403135, 0.0739142486, -0.2468123589];
[-0.9324982733, 0.0301793068, -0.3599113498];
[-0.9387386678, 0.0496239452, -0.3410383814];
[-0.9480414924, 0.0283439612, -0.3168816002];
[-0.9448423157, 0.0542478941, -0.3230018024];
[-0.9515452207, 0.0771775423, -0.2976664575];
[-0.9530291879, 0.1088702291, -0.2826351717];
[-0.9244943530, 0.1416471648, -0.3539015004];
[-0.8520076123, 0.2025506407, -0.4827590150];
[-0.6371024388, 0.2122161934, -0.7409890484];
[-0.1843366671, 0.1575882009, -0.9701473868];
[0.1785956227, 0.1556879772, -0.9715270749];
[0.3423207874, 0.1149292368, -0.9325276130];
[0.4613859737, 0.0765406569, -0.8838916852];
[0.5389841380, 0.0814595770, -0.8383677214];
[0.5406384409, 0.0649632727, -0.8387430175];
[-0.9386652433, 0.0781145399, -0.3358655678];
[-0.9270488213, 0.1132646470, -0.3574235620];
[-0.9307752067, 0.1170495106, -0.3463479850];
[-0.9263304780, 0.1437632523, -0.3482010524];
[-0.8861973175, 0.1885335318, -0.4232132108];
[-0.8119357673, 0.2259448738, -0.5382464341];
[-0.5932875579, 0.2520478667, -0.7645140591];
[-0.1728876392, 0.2058679251, -0.9631865145];
[-0.9193552104, 0.1189203091, -0.3750252753];
[-0.9273489064, 0.1024584689, -0.3598975797];
[-0.9255503194, 0.0877286811, -0.3683208992];
[-0.9191802962, 0.0654297182, -0.3883639208];
[-0.9146279900, 0.0356877753, -0.4027182919];
[-0.9084983285, 0.1158267506, -0.4015158166];
[-0.9201520354, 0.0997934054, -0.3786310974];
[-0.9083911169, 0.0446147498, -0.4157344137];
[-0.8902554319, 0.0261662896, -0.4547093482];
[-0.8949707332, 0.0259807282, -0.4453677003];
[-0.8957728795, 0.0472521526, -0.4419934191];
[-0.9122269181, 0.0224995896, -0.4090670097];
[-0.8943705220, 0.0182404966, -0.4469548675];
[-0.9159744263, 0.0976943496, -0.3891614889];
[-0.9091778595, 0.0948747631, -0.4054557919];
[-0.9124676036, 0.0943133225, -0.3981304679];
[-0.9129861080, 0.0801740486, -0.4000356092];
[-0.9063529861, 0.0789081605, -0.4150876615];
[-0.8898121915, 0.0505447249, -0.4535190123];
[-0.8857414906, 0.0287842909, -0.4632855237];
[-0.8918615642, 0.0789453723, -0.4453656682];
[-0.8996765277, 0.1056851611, -0.4235714724];
[-0.8757501636, 0.1110349153, -0.4698221989];
[-0.8843357419, 0.0827475924, -0.4594596083];
[-0.9018707160, 0.1084705002, -0.4181666680];
[-0.9098552054, 0.1096451766, -0.4001767616];
[-0.8889140226, 0.1233155086, -0.4411634004];
[-0.8808046494, 0.0347675909, -0.4722016351];
[-0.8837657388, 0.0553731790, -0.4646417222];
[-0.8606208356, 0.0543146437, -0.5063414825];
[-0.8797720158, 0.0988365892, -0.4650080954];
[-0.8406069461, 0.0744919173, -0.5364987571];
[-0.8730284891, 0.0353578406, -0.4863857320];
[-0.8801098662, 0.0526645656, -0.4718400863];
[-0.8333774279, 0.1467977657, -0.5328531492];
[-0.8212698687, 0.1202165615, -0.5577309218];
[-0.8863822210, 0.1299402664, -0.4443445572];
[-0.8664610892, 0.1759389835, -0.4672158549];
[-0.9022623802, 0.1343886039, -0.4097100199];
[-0.9165849236, 0.1264561041, -0.3793164004];
[-0.9014478875, 0.1595721974, -0.4024033050];
[-0.8853897240, 0.1920514269, -0.4233217288];
[-0.8328697690, 0.2067000734, -0.5134228545];
[-0.8109725134, 0.2308806276, -0.5376036814];
[-0.7633531872, 0.2365638894, -0.6011068439];
[-0.7292945218, 0.2718227855, -0.6278868320];
[-0.6643652058, 0.2653345164, -0.6987248870];
[-0.5159134212, 0.3130730402, -0.7973823508];
[-0.4524425835, 0.2771146584, -0.8476456658];
[-0.1530626420, 0.2792149935, -0.9479508505];
[-0.1391738175, 0.2093079458, -0.9678950523];
[0.1322958255, 0.2007840134, -0.9706614212];
[0.0998217282, 0.1618665056, -0.9817509139];
[0.3013073772, 0.1200042115, -0.9459454813];
[0.2653163248, 0.1113150914, -0.9577140482];
[0.4046583550, 0.0867532533, -0.9103436103];
[0.3603577664, 0.0860837178, -0.9288336093];
[0.5099967729, 0.1277113721, -0.8506427552];
[-0.7944957545, 0.1568351654, -0.5866679018];
[-0.7017961149, 0.1658417505, -0.6928049703];
[-0.6160228307, 0.1875766756, -0.7650691883];
[-0.4522728134, 0.1756796599, -0.8744060609];
[-0.1433042352, 0.1223705219, -0.9820841876];
[0.0999764384, 0.0778747140, -0.9919376193];
[0.2395613768, 0.0637668898, -0.9687848732];
[0.3929558233, 0.0526176699, -0.9180507076];
[0.4564716620, 0.0847095211, -0.8856962904];
[-0.7705415043, 0.2471590152, -0.5875186903];
[-0.7705924936, 0.2389224576, -0.5908496154];
[-0.7536390477, 0.2356298649, -0.6136014607];
[-0.6903217022, 0.2846633409, -0.6651486525];
[-0.7469009980, 0.2712004287, -0.6071154970];
[-0.7113512060, 0.2853054789, -0.6423240969];
[-0.8766576720, 0.0277477654, -0.4803138429];
[-0.8784258521, 0.0194254428, -0.4774836903];
[0.6162867839, 0.3674675792, -0.6965329699];
[0.5234404154, 0.3487567245, -0.7774180848];
[0.6169272232, 0.2910176470, -0.7312383540];
[0.5528138379, 0.1098783490, -0.8260288185];
[0.6024404043, 0.0690800489, -0.7951688538];
[0.6359187736, 0.0482175912, -0.7702482569];
[0.5032918322, 0.1576177899, -0.8496198938];
[-0.8884487671, 0.0176573628, -0.4586360275];
[-0.8829964582, 0.0198767155, -0.4689586027];
[-0.7108323985, 0.2801825970, -0.6451472805];
[-0.7449272401, 0.2650657109, -0.6122283691];
[0.5193792518, 0.3454693043, -0.7815984599];
[0.4838362216, 0.2755223898, -0.8306563209];
[0.4920062338, 0.2806021338, -0.8241312446];
[0.6347573019, 0.1196172751, -0.7633969316];
[0.4519375110, 0.0136682127, -0.8919448784];
[0.3056888472, 0.0129134534, -0.9520438915];
[0.3200355814, -0.0125393183, -0.9473225386];
[0.4700601268, -0.0065199594, -0.8826103145];
[0.5564360143, 0.0135386603, -0.8307801554];
[0.5593392086, 0.0017849500, -0.8289369480];
[0.6255805233, 0.0128285094, -0.7800541252];
[0.6224468435, 0.0087419934, -0.7826132535];
[0.6509198788, 0.0122463401, -0.7590476523];
[0.5502820359, 0.0107139532, -0.8349101102];
[0.5614282830, 0.0115129671, -0.8274453061];
[0.5396442614, -0.0155798241, -0.8417489770];
[0.4667300108, -0.0219079167, -0.8841284636];
[0.5271082085, -0.0059520369, -0.8497773295];
[0.5657065111, 0.0016630230, -0.8246049828];
[-0.2180217706, 0.0111525572, -0.9758801812];
[-0.2034531993, -0.0096105933, -0.9790375029];
[-0.1866420726, 0.0114755973, -0.9823609558];
[-0.1326880257, 0.0119113602, -0.9910862764];
[-0.1458201865, -0.0281072318, -0.9889117538];
[0.0627502986, 0.0130180744, -0.9979443520];
[-0.0509058630, 0.0124286543, -0.9986261171];
[-0.0673124932, -0.0036497056, -0.9977252667];
[0.0548145445, -0.0440978655, -0.9975223025];
[-0.0655999555, -0.0292825994, -0.9974162497];
[0.2017372658, 0.0132977805, -0.9793493986];
[0.1935870554, -0.0580364024, -0.9793650126];
[0.2976117167, -0.0613698124, -0.9527124499];
[0.4409663786, -0.0630715233, -0.8953047726];
[0.5408633963, -0.0409966761, -0.8401107422];
[0.6153002950, -0.0178028326, -0.7880917498];
[0.6186977175, 0.0097532093, -0.7855685898];
[0.6646645704, 0.0092158217, -0.7470850537];
[0.6571195786, -0.0232467983, -0.7534277973];
[0.6938055419, 0.0089404197, -0.7201068941];
[0.6890599437, -0.0164827421, -0.7245168827];
[0.7221791572, 0.0087026708, -0.6916513055];
[0.7212078421, -0.0077262459, -0.6926756482];
[0.7448129102, 0.0085174846, -0.6672189905];
[0.7461986943, -0.0112741316, -0.6656278258];
[0.7593900768, 0.0082647180, -0.6505831274];
[0.7514977568, -0.0065462977, -0.6597031662];
[-0.0761100279, -0.0532072894, -0.9956787876];
[-0.0319385636, -0.0823494196, -0.9960916129];
[0.0612426527, -0.0766495554, -0.9951754535];
[0.1754653530, -0.0838099941, -0.9809117161];
[0.2825686809, -0.0899696061, -0.9550185394];
[0.4047982984, -0.0807116921, -0.9108369560];
[0.5193118903, -0.0600311353, -0.8524737083];
[0.6081137378, -0.0328253525, -0.7931709640];
[-0.0978087896, -0.0778877588, -0.9921526786];
[-0.0709851397, -0.0905383688, -0.9933599115];
[-0.1218552227, -0.0647317210, -0.9904348080];
[-0.1721267820, -0.0446727076, -0.9840613396];
[-0.2138524410, -0.0156614599, -0.9767404221];
[-0.0971900506, -0.0742424385, -0.9924928989];
[-0.0701150208, -0.0859805705, -0.9938265570];
[-0.2205465774, -0.0250401678, -0.9750549714];
[-0.2891766027, -0.0077282922, -0.9572445696];
[-0.2774638226, -0.0076801063, -0.9607053883];
[-0.2060871510, -0.0269208843, -0.9781632544];
[-0.2395856376, 0.0104251415, -0.9708192616];
[-0.3041503017, 0.0096970782, -0.9525747008];
[-0.3014138357, 0.0001165079, -0.9534934117];
[-0.2319180569, -0.0024745254, -0.9727321788];
[-0.1067708948, -0.0724686755, -0.9916391819];
[-0.1298206852, -0.0705382769, -0.9890252480];
[-0.1283257762, -0.0706519872, -0.9892122077];
[-0.1654912635, -0.0588649722, -0.9844529226];
[-0.1589106032, -0.0566668134, -0.9856654059];
[-0.1977243818, -0.0297490097, -0.9798061366];
[-0.2624376515, -0.0100233907, -0.9648968912];
[-0.1461465971, -0.0549861854, -0.9877336137];
[-0.1167368643, -0.0793628474, -0.9899868903];
[-0.0615419711, -0.0776358591, -0.9950805290];
[-0.1418545576, -0.0579466332, -0.9881899980];
[-0.1010590837, -0.0809615003, -0.9915807063];
[-0.0913320771, -0.0821446397, -0.9924266773];
[-0.0606989844, -0.0898864985, -0.9941006240];
[-0.2539272050, -0.0158678491, -0.9670931630];
[-0.1955224098, -0.0342752891, -0.9801000928];
[-0.0945029299, -0.0694783498, -0.9930971529];
[-0.1402851861, -0.0304542718, -0.9896426647];
[-0.0482116381, -0.0433008140, -0.9978981298];
[-0.1837597231, -0.0143350762, -0.9828666592];
[-0.1954068149, -0.0315384147, -0.9802150300];
[0.0342266937, -0.0956637035, -0.9948251049];
[0.0325886298, -0.0740678805, -0.9967205879];
[-0.0489333463, -0.0945159388, -0.9943200013];
[0.0615789453, -0.1186212991, -0.9910282644];
[-0.0256024151, -0.0979894435, -0.9948580729];
[-0.0150270830, -0.0914898976, -0.9956926159];
[0.0702110918, -0.1081461170, -0.9916525702];
[0.1597912953, -0.1179807381, -0.9800751437];
[0.1680012759, -0.1219136378, -0.9782191146];
[0.2703345036, -0.1139688721, -0.9559970462];
[0.2697323746, -0.1159337741, -0.9559308584];
[0.3842023475, -0.1063662554, -0.9171012899];
[0.3681233081, -0.1072346642, -0.9235723885];
[0.4886625610, -0.0935652873, -0.8674413171];
[0.4620825174, -0.0903857430, -0.8822188870];
[0.5878087437, -0.0640871798, -0.8064575092];
[0.5681331977, -0.0515074186, -0.8213231127];
[0.6436899106, -0.0409281433, -0.7641911973];
[0.6289942710, -0.0359378557, -0.7765788290];
[0.6813778130, -0.0202657515, -0.7316512662];
[0.6741560947, -0.0201779003, -0.7383132210];
[0.7096658975, -0.0117301358, -0.7044407128];
[0.7019083324, -0.0129604652, -0.7121493659];
[0.7428927771, -0.0284187466, -0.6688069202];
[0.1327420728, -0.0895551228, -0.9870964604];
[0.2535934932, -0.0766685070, -0.9642677430];
[0.3332135425, -0.0762277872, -0.9397648959];
[0.4223603032, -0.0576768518, -0.9045911535];
[0.5483447767, -0.0268638286, -0.8358207586];
[0.6250192364, -0.0108429195, -0.7805340385];
[0.6683539906, -0.0058464520, -0.7438203830];
[0.7163909982, -0.0028619469, -0.6976931610];
[0.7372007221, -0.0151420951, -0.6755041172];
[0.0945478379, -0.1660911512, -0.9815673364];
[0.0913447002, -0.1601777136, -0.9828526064];
[0.1545437264, -0.1450712146, -0.9772771251];
[0.2007196354, -0.1681500255, -0.9651099403];
[0.1659141268, -0.1771276671, -0.9701022070];
[0.1191183697, -0.1784149301, -0.9767184480];
[0.2396002822, 0.0091867259, -0.9708281562];
[0.1281006086, 0.0096070442, -0.9917146458];
[0.4102255479, 0.0086648232, -0.9119429372];
[0.5562369108, 0.0083048292, -0.8309822675];
[0.6646004484, 0.0079491654, -0.7471566467];
[0.7181551066, 0.0079171719, -0.6958380280];
[-0.0382722741, 0.0096853255, -0.9992204099];
[0.0508159696, 0.0096568110, -0.9986613456];
[-0.1220982702, 0.0096071293, -0.9924715187];
[-0.1775781710, 0.0096826106, -0.9840590634];
[-0.2486044337, -0.0086963194, -0.9685660585];
[-0.2416461485, 0.0094697071, -0.9703182280];
[-0.2822060345, -0.0010502528, -0.9593532462];
[-0.2880126000, 0.0093283216, -0.9575811844];
[0.8064353035, -0.1139858438, -0.5802321335];
[0.7712855723, -0.1312663124, -0.6228063271];
[0.8127319820, -0.1577798000, -0.5608674176];
[0.7617366673, -0.0245560914, -0.6474212292];
[0.7829753719, -0.0109155302, -0.6219569263];
[0.7725009138, 0.0081403669, -0.6349614734];
[0.7970404812, -0.0034125793, -0.6039162406];
[0.7856878445, 0.0080946179, -0.6185701967];
[0.7432657860, -0.0398654744, -0.6678073939];
[-0.2975135065, 0.0095440493, -0.9546699034];
[-0.2963686286, 0.0006952712, -0.9550733755];
[-0.2931362803, -0.0016522265, -0.9560692398];
[-0.2974487416, 0.0094101185, -0.9546914139];
[0.1189455933, -0.1736012316, -0.9776065457];
[0.1659119658, -0.1733828300, -0.9707788697];
[0.6071690083, 0.0118930983, -0.7944837000];
[0.6443375278, 0.0119555630, -0.7646477717];
[0.3295637515, 0.0090073410, -0.9440903567];
[0.6196510501, 0.0080225944, -0.7848364251];
[0.7403948191, 0.0079230670, -0.6721255365];
[0.7518411162, -0.0923533986, -0.6528443810];
[0.7716836719, -0.1306429508, -0.6224441581];
[0.7517212316, -0.0931288307, -0.6528722776];
[0.8031220233, -0.0341643683, -0.5948342724];
[-0.0614288965, 0.0123789604, -0.9980346948];
[0.4698074594, 0.0334248138, -0.8821358925];
[0.3198277596, 0.0381490618, -0.9467073747];
[0.5591666354, 0.0249028055, -0.8286811957];
[0.6223852711, 0.0165601135, -0.7825358375];
[0.5393274310, 0.0376340373, -0.8412547779];
[0.5268720544, 0.0305160709, -0.8493966139];
[0.4663552362, 0.0456563315, -0.8834185266];
[0.5655549946, 0.0232026804, -0.8243841239];
[-0.2033577625, 0.0320971446, -0.9785782512];
[-0.1456843316, 0.0514878490, -0.9879904235];
[-0.0672861375, 0.0282177629, -0.9973346146];
[-0.0655336281, 0.0536366657, -0.9964077738];
[0.0547350304, 0.0695563591, -0.9960752930];
[0.1932280509, 0.0840314003, -0.9775487937];
[0.2970746205, 0.0857833935, -0.9509931016];
[0.4402128308, 0.0859024083, -0.8937748261];
[0.5402865648, 0.0617171710, -0.8392147631];
[0.6149738986, 0.0371114113, -0.7876736933];
[0.6567387445, 0.0412135046, -0.7529911477];
[0.6887605174, 0.0337689507, -0.7242020489];
[0.7210109891, 0.0246066213, -0.6924865831];
[0.7459537482, 0.0279898563, -0.6654093278];
[0.7513143143, 0.0230429748, -0.6595421309];
[-0.0759913419, 0.0770620620, -0.9941261261];
[-0.0318677810, 0.1057303889, -0.9938840623];
[0.0611105516, 0.1007928865, -0.9930288488];
[0.1750501088, 0.1082514239, -0.9785903579];
[0.2819011468, 0.1130287859, -0.9527624242];
[0.4039772341, 0.1026670458, -0.9089894785];
[0.5185748240, 0.0801880742, -0.8512637809];
[0.6076244790, 0.0518095196, -0.7925328171];
[-0.0708197891, 0.1131917159, -0.9910460095];
[-0.0976067446, 0.1008396016, -0.9901031755];
[-0.1216441043, 0.0873942623, -0.9887188452];
[-0.1719168122, 0.0665507889, -0.9828609272];
[-0.2137328884, 0.0369158510, -0.9761943825];
[-0.0699636985, 0.1080394688, -0.9916816798];
[-0.0970017565, 0.0967554154, -0.9905700626];
[-0.2203834520, 0.0458783059, -0.9743337801];
[-0.2773706127, 0.0270314990, -0.9603826536];
[-0.2890782359, 0.0272009828, -0.9569189517];
[-0.2059318865, 0.0472213969, -0.9774263132];
[-0.2318551219, 0.0234260717, -0.9724682111];
[-0.3013582627, 0.0192023018, -0.9533176119];
[-0.1065716012, 0.0946665017, -0.9897882336];
[-0.1280980763, 0.0923018671, -0.9874569602];
[-0.1295886077, 0.0923581869, -0.9872571894];
[-0.1652416619, 0.0804292083, -0.9829681254];
[-0.1586824448, 0.0779190805, -0.9842502215];
[-0.1975661676, 0.0498327019, -0.9790221199];
[-0.2623381266, 0.0293038226, -0.9645309706];
[-0.1459490018, 0.0756144913, -0.9863981638];
[-0.1165121049, 0.1006043030, -0.9880808184];
[-0.0614296389, 0.0982476334, -0.9932642156];
[-0.1416575099, 0.0782606350, -0.9868173199];
[-0.1008585274, 0.1024398627, -0.9896128698];
[-0.0911437262, 0.1041163572, -0.9903800308];
[-0.0605686540, 0.1110613813, -0.9919661324];
[-0.2538035746, 0.0350007656, -0.9666223109];
[-0.1953509168, 0.0540940824, -0.9792404452];
[-0.1401761164, 0.0498034896, -0.9888732319];
[-0.0943474942, 0.0899900642, -0.9914637354];
[-0.0481618068, 0.0627471785, -0.9968667072];
[-0.1836736455, 0.0337924766, -0.9824062604];
[-0.1952477166, 0.0511934508, -0.9794169489];
[0.0341541020, 0.1155425794, -0.9927151705];
[0.0325349621, 0.0935891299, -0.9950791682];
[-0.0488234700, 0.1156676529, -0.9920873262];
[0.0614076561, 0.1398153808, -0.9882716019];
[-0.0255401494, 0.1200559109, -0.9924385518];
[-0.0149913423, 0.1143757012, -0.9933244478];
[0.0700182066, 0.1308369205, -0.9889282840];
[0.1593170513, 0.1405842745, -0.9771663824];
[0.1675277925, 0.1428565613, -0.9754621682];
[0.2696184181, 0.1349479130, -0.9534647185];
[0.2690446475, 0.1358860487, -0.9534935550];
[0.3832747577, 0.1268149826, -0.9148871080];
[0.3672806056, 0.1265694122, -0.9214581600];
[0.4876916091, 0.1126484600, -0.8657177478];
[0.4612430192, 0.1084904000, -0.8806160970];
[0.5870263895, 0.0821973492, -0.8053841406];
[0.5675392355, 0.0688280670, -0.8204644498];
[0.6431323300, 0.0583430605, -0.7635292354];
[0.6285309205, 0.0525584504, -0.7760067598];
[0.6810475754, 0.0371401500, -0.7312966630];
[0.6738424819, 0.0365641765, -0.7379697627];
[0.7094296213, 0.0283420810, -0.7042061763];
[0.7016682158, 0.0291877364, -0.7119057459];
[0.7424446489, 0.0448634414, -0.6684034821];
[0.1324804073, 0.1092113203, -0.9851506632];
[0.2531836352, 0.0953355371, -0.9627092927];
[0.3326899887, 0.0945114468, -0.9382883127];
[0.4218658820, 0.0752242942, -0.9035322259];
[0.5480207498, 0.0436153626, -0.8353268570];
[0.6248294558, 0.0269199655, -0.7802970375];
[0.6682057486, 0.0218568063, -0.7436554024];
[0.7162680234, 0.0187476924, -0.6975733959];
[0.7369303413, 0.0310244090, -0.6752563647];
[0.0942230801, 0.1850810419, -0.9781957979];
[0.0910423235, 0.1791561449, -0.9795990869];
[0.1540732663, 0.1643071097, -0.9743021104];
[0.2000491342, 0.1864286976, -0.9618860040];
[0.1186878801, 0.1970205429, -0.9731886214];
[0.1653292189, 0.1954269480, -0.9666822422];
[-0.2485184775, 0.0276941037, -0.9682311723];
[-0.2821509004, 0.0197939481, -0.9591658193];
[0.8106241366, 0.1730486598, -0.5594127908];
[0.7696147081, 0.1465750672, -0.6214571190];
[0.8048824440, 0.1295771772, -0.5791148474];
[0.7613316488, 0.0408103662, -0.6470769927];
[0.7827344363, 0.0271001273, -0.6217655389];
[0.7968917341, 0.0196177257, -0.6038035351];
[0.7426819897, 0.0561875311, -0.6672828662];
[-0.2963186462, 0.0183780717, -0.9549123030];
[-0.2930750949, 0.0204972901, -0.9558696825];
[0.1653395459, 0.1916844067, -0.9674295441];
[0.1185282570, 0.1921749968, -0.9741764845];
[0.7700277341, 0.1458819980, -0.6211084698];
[0.7506574860, 0.1079280121, -0.6518166023];
[0.7505178814, 0.1088313272, -0.6518271642];
[0.8025781971, 0.0501940794, -0.5944314863]];
