p3d_3=[[0.3635666134, -0.0212257116, 0.9313263589];
[0.2273827562, -0.0270242596, 0.9734304143];
[0.2583587827, -0.0761717330, 0.9630413317];
[0.3963965066, -0.0499923880, 0.9167172796];
[0.4596352460, -0.0186969829, 0.8879109547];
[0.4757040444, -0.0338735664, 0.8789529246];
[0.5508886550, -0.0173809198, 0.8343977429];
[0.5635542650, -0.0225921662, 0.8257700554];
[0.6061705820, -0.0169484315, 0.7951540582];
[0.7277806294, -0.0213400701, 0.6854779040];
[0.6429719944, -0.0202862131, 0.7656209793];
[0.6850705312, -0.0697200935, 0.7251327298];
[0.5400213296, -0.0859040758, 0.8372559067];
[0.5454185554, -0.0493976518, 0.8367069209];
[0.5550975606, -0.0349398810, 0.8310510832];
[-0.9436337664, -0.0300673075, 0.3296229240];
[-0.9280838767, -0.0834966633, 0.3628892738];
[-0.9051364513, -0.0311752438, 0.4239765426];
[-0.8248876067, -0.0328953163, 0.5643388473];
[-0.8472443244, -0.1356944183, 0.5135796721];
[-0.3964290256, -0.0341744348, 0.9174290902];
[-0.6671038545, -0.0345914188, 0.7441611929];
[-0.7041670289, -0.0761538124, 0.7059386605];
[-0.4143977319, -0.1796681807, 0.8921848825];
[-0.7027975204, -0.1449157601, 0.6964733073];
[-0.0622986236, -0.0316767051, 0.9975547443];
[-0.0690712582, -0.1952949434, 0.9783092795];
[0.2602682150, -0.1913038557, 0.9463948917];
[0.5571729234, -0.1773223703, 0.8112429417];
[0.7573147837, -0.1218278128, 0.6415857716];
[0.9171797561, -0.0671145641, 0.3927810209];
[0.9137659263, -0.0182794032, 0.4058296383];
[0.9719232496, -0.0164276230, 0.2347239444];
[0.9754618250, -0.0734527799, 0.2075546125];
[0.9899978145, -0.0156559701, 0.1402113327];
[0.9931609130, -0.0601728177, 0.1000531504];
[0.9984326735, -0.0151173890, 0.0538856288];
[0.9989397261, -0.0433933047, 0.0153767567];
[0.9997872850, -0.0148291889, -0.0143345710];
[0.9980623053, -0.0479529947, -0.0396502852];
[0.9968401010, -0.0149765508, -0.0780097168];
[0.9969958984, -0.0404593843, -0.0660470796];
[-0.7283445724, -0.2125348154, 0.6514162540];
[-0.6471297981, -0.3187973873, 0.6925252704];
[-0.4027361947, -0.3008353305, 0.8644661135];
[-0.0738734475, -0.3003115802, 0.9509761661];
[0.2864163881, -0.2914177731, 0.9127109806];
[0.5679935415, -0.2425155302, 0.7864919291];
[0.7784010990, -0.1700002809, 0.6043108749];
[0.9231177431, -0.0967200529, 0.3721543547];
[-0.7794447770, -0.2896705585, 0.5554788990];
[-0.7398438901, -0.3479763982, 0.5757980936];
[-0.8321798495, -0.2525710468, 0.4936441678];
[-0.9195152258, -0.1915871745, 0.3431998020];
[-0.9694237189, -0.1044159114, 0.2220697427];
[-0.8009471745, -0.2960309253, 0.5204318543];
[-0.7691561114, -0.3645020070, 0.5249163392];
[-0.9772634102, -0.1310271032, 0.1666977066];
[-0.9964194580, -0.0725204672, -0.0434631525];
[-0.9954320034, -0.0747921789, -0.0593401775];
[-0.9837429996, -0.1465326904, 0.1038165754];
[-0.9880295629, -0.0302648772, 0.1512667183];
[-0.9981102243, -0.0262808077, -0.0555454704];
[-0.9966004737, -0.0506764636, -0.0649568462];
[-0.9833384656, -0.0659438255, 0.1694015168];
[-0.8285165363, -0.2961240051, 0.4752587954];
[-0.8704299799, -0.2873630846, 0.3997175349];
[-0.8758289105, -0.2940526555, 0.3826966884];
[-0.9168510882, -0.2393294347, 0.3195395182];
[-0.9256193401, -0.2444496421, 0.2889173060];
[-0.9839440386, -0.1608482990, 0.0773430899];
[-0.9940717239, -0.0845000519, -0.0684189221];
[-0.9400941619, -0.2634051205, 0.2164271453];
[-0.8713595715, -0.3416427348, 0.3521544249];
[-0.8330850454, -0.4270328711, 0.3515853157];
[-0.9431193109, -0.2841573784, 0.1725704193];
[-0.8433916256, -0.3508137838, 0.4069646851];
[-0.8086806762, -0.3415337047, 0.4789470664];
[-0.7872538210, -0.4312923530, 0.4407020847];
[-0.9906516018, -0.1035248700, -0.0888369579];
[-0.9831701662, -0.1786369280, 0.0382788739];
[-0.8901858152, -0.3640726856, 0.2738983278];
[-0.9782350397, -0.2063759518, -0.0215678853];
[-0.9222296093, -0.3735625901, 0.0997172950];
[-0.9922811626, -0.1214478860, -0.0250700071];
[-0.9851031964, -0.1716524754, 0.0103498837];
[-0.5616322811, -0.7099861485, 0.4248397932];
[-0.6352722629, -0.6987818702, 0.3288359013];
[-0.7598862650, -0.4587419986, 0.4605742535];
[-0.3989433570, -0.6188974370, 0.6766167013];
[-0.6682971596, -0.4305714424, 0.6066194355];
[-0.6204983811, -0.3734332970, 0.6895863483];
[-0.3712076176, -0.4610502863, 0.8060009542];
[-0.0610316705, -0.4815001408, 0.8743184486];
[0.0634056682, -0.6374082029, 0.7679130837];
[0.3785273751, -0.4499159133, 0.8088836117];
[0.4649788132, -0.5243369095, 0.7133480978];
[0.6368694316, -0.3501989825, 0.6868464164];
[0.7126393502, -0.4045307875, 0.5731491939];
[0.8154621153, -0.2664935628, 0.5138119496];
[0.8726307793, -0.2906586667, 0.3924704607];
[0.9359463800, -0.1691723618, 0.3088447599];
[0.9611836194, -0.1603985146, 0.2244958045];
[0.9780973192, -0.1121263182, 0.1753662539];
[0.9881679395, -0.1139688919, 0.1026411957];
[0.9947795499, -0.0703219763, 0.0739490815];
[0.9966569860, -0.0744646344, 0.0336135474];
[0.9985613759, -0.0526001188, 0.0104118213];
[0.9982201379, -0.0576278540, -0.0153488324];
[0.9954309651, -0.0789542763, -0.0536974488];
[0.0210593386, -0.8007167659, 0.5986728365];
[0.6518612090, -0.5399459814, 0.5324803296];
[0.8243488672, -0.3958396875, 0.4046725676];
[0.9298704632, -0.2407053775, 0.2782118667];
[0.9828585017, -0.1142833353, 0.1446668067];
[0.9973989156, -0.0637875385, 0.0335641628];
[0.9988472655, -0.0478321994, -0.0040275134];
[0.9969265841, -0.0381157761, -0.0684439448];
[0.9936132924, -0.0599185733, -0.0956158446];
[-0.1202964695, -0.9918320777, 0.0424015221];
[-0.1337613796, -0.9909876354, 0.0071693648];
[0.1764185724, -0.9631938035, 0.2028156410];
[0.4057527825, -0.9139471717, -0.0080775489];
[0.2501246114, -0.9673922969, -0.0398725815];
[0.0202311117, -0.9997291473, -0.0115036561];
[0.8552257923, -0.0803096188, 0.5119953216];
[0.1944935039, -0.2304189594, 0.9534565434];
[0.9755164462, -0.0321141299, 0.2175691748];
[0.9923815025, -0.0231447392, 0.1210093985];
[0.9997167063, -0.0186510536, -0.0147866628];
[0.9969465371, -0.0168673059, -0.0762436633];
[-0.9946494358, -0.0715886887, 0.0744819402];
[-0.9054335146, -0.1499741417, 0.3971119584];
[-0.9974504687, -0.0471002920, -0.0536108658];
[-0.9983421518, -0.0379894256, -0.0432406236];
[-0.9902080566, -0.0843758886, -0.1112147206];
[-0.9919536876, -0.0310947029, -0.1227232704];
[-0.9876765366, -0.0563233290, -0.1460230860];
[-0.9870752004, -0.0273101254, -0.1579136025];
[0.9519329456, -0.2168439464, -0.2163385540];
[0.9511957943, -0.2601569229, -0.1659666726];
[0.9291787970, -0.2835050081, -0.2371743525];
[0.9922596765, -0.0715844313, -0.1014711960];
[0.9880734766, -0.0470237560, -0.1466273207];
[0.9925835342, -0.0149384417, -0.1206431538];
[0.9843499214, -0.0336496510, -0.1729824653];
[0.9882384731, -0.0147582154, -0.1522068176];
[0.9930429944, -0.0996304659, -0.0627644928];
[-0.9949936868, -0.0267229724, -0.0962987334];
[-0.9939384595, -0.0498105549, -0.0980063640];
[-0.9899624316, -0.0563631946, -0.1296054565];
[-0.9907637741, -0.0266919095, -0.1329461768];
[0.0266840143, -0.9986049300, -0.0455648669];
[0.2568860526, -0.9648677229, -0.0551346835];
[0.6230408373, -0.0184237721, 0.7819723011];
[0.6286724140, -0.0172455544, 0.7774789944];
[0.9423085506, -0.0461968317, 0.3315425284];
[0.9993236480, -0.0203887355, 0.0306030385];
[0.9943516315, -0.0162098047, -0.1048907775];
[0.9716441026, -0.1992140247, -0.1273636929];
[0.9496543137, -0.2613755480, -0.1727411574];
[0.9734799105, -0.1974150530, -0.1156034635];
[0.9770675079, -0.0851313929, -0.1951710300];
[-0.6888555886, -0.0343907303, 0.7240823542];
[0.3968802655, 0.0079417013, 0.9178360334];
[0.2590459579, 0.0225038223, 0.9656028012];
[0.4759739582, -0.0036880458, 0.8794516413];
[0.5636539177, -0.0125258693, 0.8259160754];
[0.6864967659, 0.0267031406, 0.7266423692];
[0.5460684083, 0.0078469959, 0.8377038367];
[0.5416172740, 0.0387786916, 0.8397302791];
[0.5554326821, -0.0038042808, 0.8315528024];
[-0.9311068996, 0.0221816953, 0.3640713034];
[-0.8530054448, 0.0708401870, 0.5170719284];
[-0.7062002863, 0.0070481012, 0.7079770334];
[-0.7082558561, 0.0757268955, 0.7018825255];
[-0.4186617155, 0.1107398893, 0.9013651008];
[-0.0698102754, 0.1320888564, 0.9887765468];
[0.2627640846, 0.1342805398, 0.9554704456];
[0.5615025224, 0.1277970893, 0.8175468313];
[0.7606397642, 0.0785644937, 0.6444026454];
[0.9188314032, 0.0302618819, 0.3934883366];
[0.9773380730, 0.0395663318, 0.2079538325];
[0.9945834536, 0.0276482054, 0.1001964602];
[0.9998077492, 0.0121494373, 0.0153901183];
[0.9990535212, 0.0177986605, -0.0396896635];
[0.9977621193, 0.0100910359, -0.0660978387];
[-0.7376014392, 0.1440350366, 0.6596954033];
[-0.6613847586, 0.2482284987, 0.7077802014];
[-0.4111717994, 0.2280409384, 0.8825729895];
[-0.0753390887, 0.2317924555, 0.9698434303];
[0.2913041611, 0.2311402168, 0.9282866400];
[0.5749253644, 0.1889471651, 0.7960903178];
[0.7836992701, 0.1250422455, 0.6084241045];
[0.9258404503, 0.0591810429, 0.3732520124];
[-0.7577344109, 0.2794044149, 0.5897217441];
[-0.7938902445, 0.2227970180, 0.5657736018];
[-0.8451874729, 0.1851919880, 0.5013602131];
[-0.9294347599, 0.1257374758, 0.3469021682];
[-0.9739241634, 0.0412045092, 0.2231006774];
[-0.7899944590, 0.2919578323, 0.5391376253];
[-0.8167635643, 0.2263743951, 0.5307088780];
[-0.9834550858, 0.0683720516, 0.1677538580];
[-0.9980535561, 0.0186887939, -0.0594964547];
[-0.9988860385, 0.0181182889, -0.0435707431];
[-0.9912663898, 0.0802968264, 0.1046105354];
[-0.9854734566, 0.0045217165, 0.1697693156];
[-0.9978801987, -0.0022077097, -0.0650402566];
[-0.8449946839, 0.2259184385, 0.4847110927];
[-0.8929980169, 0.2242753745, 0.3901987931];
[-0.8868065093, 0.2184753428, 0.4072379399];
[-0.9300458008, 0.1730586267, 0.3241381190];
[-0.9397277818, 0.1757113225, 0.2933210309];
[-0.9926240101, 0.0927880089, 0.0780253806];
[-0.9972987514, 0.0261459312, -0.0686410285];
[-0.9567934904, 0.1898067990, 0.2202716410];
[-0.8926042212, 0.2704147362, 0.3607403149];
[-0.8652937445, 0.3433825133, 0.3651782924];
[-0.9618964243, 0.2092297248, 0.1760062246];
[-0.8649862559, 0.2785474676, 0.4173848169];
[-0.8283841035, 0.2703241802, 0.4906165658];
[-0.8157711825, 0.3549275049, 0.4566660093];
[-0.9950399576, 0.0439704820, -0.0892304849];
[-0.9931690150, 0.1100912361, 0.0386681704];
[-0.9921818416, 0.1228684697, -0.0218753809];
[-0.9166773486, 0.2831091011, 0.2820494201];
[-0.9599560015, 0.2602129117, 0.1037965110];
[-0.9985284777, 0.0480045310, -0.0252278457];
[-0.9946716880, 0.1025622830, 0.0104504140];
[-0.6165224224, 0.6343561638, 0.4663607617];
[-0.7078491688, 0.6039021062, 0.3664038760];
[-0.7900788071, 0.3826943190, 0.4788742390];
[-0.4242958618, 0.5496609135, 0.7196151067];
[-0.6916496570, 0.3570251108, 0.6278167107];
[-0.6378750569, 0.3009640091, 0.7088977902];
[-0.3854307343, 0.3886761048, 0.8368835251];
[-0.0634232421, 0.4128694741, 0.9085792699];
[0.0675672703, 0.5707851619, 0.8183147090];
[0.3909654466, 0.3861967392, 0.8354628048];
[0.4849820639, 0.4595678920, 0.7440361216];
[0.6497116369, 0.2947869783, 0.7006963867];
[0.7310563425, 0.3462053474, 0.5879612925];
[0.8252716813, 0.2203045865, 0.5199928281];
[0.8849828386, 0.2416211592, 0.3980258669];
[0.9415837860, 0.1299322054, 0.3107049982];
[0.9670012053, 0.1178913985, 0.2258545705];
[0.9814083129, 0.0766540242, 0.1759598928];
[0.9917862723, 0.0758121434, 0.1030170326];
[0.9965827782, 0.0365302107, 0.0740831284];
[0.9986646889, 0.0391715704, 0.0336812598];
[0.9997430666, 0.0201280422, 0.0104241426];
[0.9995973719, 0.0238507212, -0.0153700090];
[0.9973845494, 0.0482629855, -0.0538028328];
[0.0239218806, 0.7327763874, 0.6800489024];
[0.6909599593, 0.4516702179, 0.5644185937];
[0.8495631042, 0.3229731253, 0.4170502276];
[0.9418893034, 0.1828356766, 0.2818078343];
[0.9870561082, 0.0679161922, 0.1452846518];
[0.9991536771, 0.0236940732, 0.0336232135];
[0.9999300018, 0.0111236426, -0.0040318792];
[0.9976418092, 0.0044184760, -0.0684930486];
[0.9950244541, 0.0275310524, -0.0957516413];
[-0.1353900049, 0.9896424575, 0.0477216190];
[-0.1510809546, 0.9884882260, 0.0080976623];
[0.2001503788, 0.9523626212, 0.2300983780];
[0.4457536634, 0.8951116836, -0.0088738689];
[0.0226008599, 0.9996619677, -0.0128511237];
[0.2769765711, 0.9598617010, -0.0441530757];
[-0.9934730915, 0.0236812290, -0.1115814314];
[-0.9892465011, 0.0008815881, -0.1462551974];
[0.9361704858, 0.2578437932, -0.2389589921];
[0.9582041012, 0.2321477386, -0.1671894970];
[0.9574561002, 0.1895541406, -0.2175937593];
[0.9939601474, 0.0413702908, -0.1016450908];
[0.9890170555, 0.0174530904, -0.1467673451];
[0.9848971512, 0.0046248077, -0.1730786315];
[0.9956364731, 0.0689059392, -0.0629284115];
[-0.9951667913, -0.0037489480, -0.0981274825];
[-0.9915356913, 0.0024426155, -0.1298114270];
[0.2848459048, 0.9566217885, -0.0611356228];
[0.0298764567, 0.9982508430, -0.0510161911];
[0.9567177016, 0.2332513613, -0.1740259805];
[0.9772417360, 0.1690847029, -0.1280974341];
[0.9789864320, 0.1675404068, -0.1162573784];
[0.9790741547, 0.0562623019, -0.1955718614];
[-0.8046126917, -0.0216515767, -0.5934051108];
[-0.7927202676, -0.0172795548, -0.6093406225];
[-0.7824891648, -0.0496659417, -0.6206802729];
[-0.7868697142, -0.0527781480, -0.6148581300];
[-0.7802263025, -0.0262640065, -0.6249456928];
[-0.7628271599, -0.0475118475, -0.6448545173];
[-0.6961813531, -0.0308107236, -0.7172044499];
[-0.6745729079, -0.0391099235, -0.7371714901];
[-0.6048646455, -0.0326515080, -0.7956586200];
[-0.4580502205, -0.0226909188, -0.8886366624];
[-0.5585149334, -0.0247180554, -0.8291260983];
[-0.5116230515, -0.0736778445, -0.8560452257];
[-0.6574212601, -0.0760808916, -0.7496725850];
[-0.6695443248, -0.0567561871, -0.7406005215];
[-0.6695184505, -0.0471104102, -0.7412999755];
[-0.8427630102, -0.0097954012, -0.5381956510];
[-0.8424363402, -0.0270177512, -0.5381180668];
[-0.8464118199, -0.0101395603, -0.5324323623];
[-0.8490503521, -0.0107152385, -0.5282032594];
[-0.8447222579, -0.0437450023, -0.5334141747];
[-0.8471903309, -0.0130326230, -0.5311296396];
[-0.8492921001, -0.0116173298, -0.5277953831];
[-0.8477247647, -0.0251455723, -0.5298399981];
[-0.8387973828, -0.0658377015, -0.5404482839];
[-0.8439778297, -0.0473180204, -0.5342868405];
[-0.8302733586, -0.0150902817, -0.5571520738];
[-0.8200575127, -0.0896701884, -0.5652122903];
[-0.7552384247, -0.1092670494, -0.6462782944];
[-0.6294375324, -0.1371253873, -0.7648562094];
[-0.4202275182, -0.1200642231, -0.8994406124];
[-0.1583671377, -0.0803474082, -0.9841057584];
[-0.1636721121, -0.0226265802, -0.9862552801];
[0.0435918477, -0.0214827570, -0.9988184229];
[0.0380903052, -0.0876181449, -0.9954256322];
[0.1547325456, -0.0203919504, -0.9877459226];
[0.1478588461, -0.0701109904, -0.9865202535];
[0.2471510484, -0.0191740660, -0.9687872390];
[0.2396242140, -0.0500121407, -0.9695767230];
[0.3093449850, -0.0180982934, -0.9507776460];
[0.3057687677, -0.0553638417, -0.9504947689];
[0.3356494949, -0.0168637591, -0.9418359890];
[0.3141190379, -0.0450610452, -0.9483136254];
[-0.8381656211, -0.0677633298, -0.5411899138];
[-0.8203757634, -0.0968395141, -0.5635651829];
[-0.8126356621, -0.0983323469, -0.5744162517];
[-0.7897047931, -0.1169675524, -0.6022332865];
[-0.7195066850, -0.1440972037, -0.6793718615];
[-0.6110135794, -0.1563129741, -0.7760339296];
[-0.4074196432, -0.1489679889, -0.9010093077];
[-0.1538193083, -0.1088903641, -0.9820807039];
[-0.8278279766, -0.0886506255, -0.5539331258];
[-0.8162000184, -0.1020958212, -0.5686773894];
[-0.8275996713, -0.0761981593, -0.5561228503];
[-0.8246609192, -0.0572826856, -0.5627193459];
[-0.8230460661, -0.0316833573, -0.5670902380];
[-0.8191085704, -0.0861102784, -0.5671385809];
[-0.8034580252, -0.0990536191, -0.5870635249];
[-0.8169827121, -0.0394129680, -0.5753137110];
[-0.8088572740, -0.0233507032, -0.5875411943];
[-0.8029130855, -0.0234587884, -0.5956343361];
[-0.8021300667, -0.0414986255, -0.5957056489];
[-0.8221256448, -0.0093648638, -0.5692290606];
[-0.8116219086, -0.0086627129, -0.5841188533];
[-0.8092718409, -0.0166005729, -0.5871997178];
[-0.8219793295, -0.0202570668, -0.5691569495];
[-0.8152617834, -0.0843221698, -0.5729205845];
[-0.8136652656, -0.0816383387, -0.5755727732];
[-0.8098499597, -0.0820222594, -0.5808746782];
[-0.8174659335, -0.0698685373, -0.5717235653];
[-0.8094160966, -0.0685777561, -0.5832175185];
[-0.7951279564, -0.0442368744, -0.6048261171];
[-0.7969177250, -0.0256735919, -0.6035420501];
[-0.7925478436, -0.0682295050, -0.6059807342];
[-0.7986043097, -0.0909180621, -0.5949496302];
[-0.7672451707, -0.0940084826, -0.6344267123];
[-0.7843643542, -0.0713267442, -0.6161858935];
[-0.7993507310, -0.0931076027, -0.5936070949];
[-0.8071430318, -0.0941722628, -0.5827964577];
[-0.7813529200, -0.1046898642, -0.6152460050];
[-0.7911570185, -0.0308184051, -0.6108361466];
[-0.7887642012, -0.0483307057, -0.6127929322];
[-0.7748539451, -0.0843174404, -0.6264917661];
[-0.7597952442, -0.0468197389, -0.6484744397];
[-0.7300900343, -0.0626914287, -0.6804691959];
[-0.7764304746, -0.0309823604, -0.6294408721];
[-0.7849817571, -0.0459660380, -0.6178112692];
[-0.7144842657, -0.1207327864, -0.6891558811];
[-0.7024263849, -0.0987568311, -0.7048718055];
[-0.7775543582, -0.1099927856, -0.6191209955];
[-0.7443880431, -0.1447448688, -0.6518706653];
[-0.7920383729, -0.1137376766, -0.5997824245];
[-0.8065421415, -0.1073156081, -0.5813545684];
[-0.7794104612, -0.1322647767, -0.6123931432];
[-0.7489767210, -0.1546431790, -0.6442975700];
[-0.6952313303, -0.1637553559, -0.6998839767];
[-0.6532365824, -0.1744574917, -0.7367812098];
[-0.6129075565, -0.1777755423, -0.7698962162];
[-0.5551783941, -0.1895951269, -0.8098337104];
[-0.5113452342, -0.1867995414, -0.8388277432];
[-0.3762624976, -0.1968302069, -0.9053642375];
[-0.3434964730, -0.1815118597, -0.9214464813];
[-0.1451743748, -0.1616309181, -0.9761146691];
[-0.1368710113, -0.1288282139, -0.9821759606];
[0.0205569202, -0.1184695541, -0.9927448704];
[0.0105099978, -0.1014866749, -0.9947813804];
[0.1308412579, -0.0749690436, -0.9885647211];
[0.1168266338, -0.0716560376, -0.9905639555];
[0.2059262966, -0.0566641512, -0.9769255521];
[0.1836826137, -0.0570832504, -0.9813267549];
[0.2910851510, -0.0868259517, -0.9527490168];
[-0.6638787171, -0.1247500692, -0.7373618306];
[-0.5644227965, -0.1249935151, -0.8159678474];
[-0.4827511138, -0.1351589640, -0.8652649401];
[-0.3503489673, -0.1197292356, -0.9289351491];
[-0.1392250954, -0.0788399875, -0.9871173330];
[0.0158913575, -0.0510558334, -0.9985693600];
[0.1059981913, -0.0423711391, -0.9934631699];
[0.2143762226, -0.0363097984, -0.9760760389];
[0.2631154922, -0.0588365442, -0.9629685866];
[-0.6544289262, -0.1998305717, -0.7292396885];
[-0.6544358004, -0.1932252492, -0.7310114816];
[-0.6296464766, -0.1864952126, -0.7541650019];
[-0.5725903055, -0.2220871186, -0.7891879712];
[-0.5955111749, -0.2255864393, -0.7710234750];
[-0.6317982688, -0.2177919366, -0.7439069968];
[-0.5579131392, -0.0127840518, -0.8298008780];
[-0.6457610021, -0.0118522111, -0.7634476100];
[-0.3475524956, -0.0145334943, -0.9375478870];
[-0.1203644218, -0.0160133950, -0.9926006131];
[0.0986970854, -0.0160406032, -0.9949882333];
[0.2177635269, -0.0159521453, -0.9758711879];
[-0.7232741449, -0.0104175971, -0.6904824292];
[-0.6851989828, -0.0111477283, -0.7282706105];
[-0.7496825194, -0.0097529974, -0.6617257733];
[-0.7721900185, -0.0094225145, -0.6353218015];
[-0.7864114993, -0.0246893580, -0.6172093562];
[-0.7828778341, -0.0089179740, -0.6221115387];
[-0.7912590384, -0.0175486944, -0.6112292348];
[-0.7911807551, -0.0085843089, -0.6115221357];
[0.4226297155, -0.2208530400, -0.8789812617];
[0.3408838958, -0.2575667646, -0.9041335805];
[0.4356786970, -0.2856291543, -0.8535807280];
[0.3331922455, -0.0771282468, -0.9396989737];
[0.3811122173, -0.0502825234, -0.9231604117];
[0.3599901241, -0.0161857140, -0.9328157016];
[0.4140873534, -0.0360564793, -0.9095227287];
[0.3876326396, -0.0157757199, -0.9216789373];
[0.2897955791, -0.1076395169, -0.9510164335];
[-0.8033900618, -0.0086318854, -0.5953905433];
[-0.8027069245, -0.0160621241, -0.5961573631];
[-0.7968670455, -0.0179783028, -0.6038871521];
[-0.7976860092, -0.0085706615, -0.6030120849];
[-0.6297416082, -0.2127387006, -0.7471062523];
[-0.5947674506, -0.2214269258, -0.7728012657];
[-0.5786225369, -0.0282624067, -0.8151056350];
[-0.5624465869, -0.0315338604, -0.8262320815];
[-0.4673417313, -0.0137888370, -0.8839692156];
[0.0065813860, -0.0159544145, -0.9998510599];
[0.2696569263, -0.0158307011, -0.9628263244];
[0.2967695321, -0.1962607566, -0.9345638342];
[0.3388376483, -0.2555348400, -0.9054783231];
[0.3005568784, -0.1991155636, -0.9327478519];
[0.4207548803, -0.0889382765, -0.9028041392];
[-0.8497566314, -0.0115009007, -0.5270497099];
[-0.7879402313, 0.0083854152, -0.6156946295];
[-0.7833719534, 0.0146506612, -0.6213805120];
[-0.7636793849, -0.0051757807, -0.6455749441];
[-0.6749305680, -0.0216915398, -0.7375623401];
[-0.5128129836, 0.0282258476, -0.8580362145];
[-0.6705980490, 0.0090193687, -0.7417660734];
[-0.6589437658, 0.0343224272, -0.7514087333];
[-0.6702538246, -0.0051319529, -0.7421141918];
[-0.8427223986, 0.0071566527, -0.5383007906];
[-0.8453138045, 0.0226990169, -0.5337877168];
[-0.8479906153, 0.0023212717, -0.5300061585];
[-0.8446694693, 0.0245559593, -0.5347246884];
[-0.8399410155, 0.0402210514, -0.5411851416];
[-0.8218840894, 0.0601405703, -0.5664712308];
[-0.7575784375, 0.0762039051, -0.6482807077];
[-0.6323488168, 0.0985184721, -0.7683938343];
[-0.4220191517, 0.0774173971, -0.9032753635];
[-0.1587763483, 0.0362568779, -0.9866486254];
[0.0381946803, 0.0472351711, -0.9981532974];
[0.1481465845, 0.0322311217, -0.9884400560];
[0.2399009171, 0.0140066049, -0.9706963300];
[0.3061737540, 0.0205561386, -0.9517536853];
[0.3144185672, 0.0112408209, -0.9492178931];
[-0.8392302407, 0.0454045335, -0.5418773214];
[-0.8219945092, 0.0739235474, -0.5646771962];
[-0.8144043939, 0.0731681304, -0.5756664901];
[-0.7920228421, 0.0887837646, -0.6040010436];
[-0.7224516447, 0.1128340457, -0.6821525483];
[-0.6140785761, 0.1209207588, -0.7799267097];
[-0.4095439685, 0.1093988226, -0.9057072570];
[-0.1543950337, 0.0666805170, -0.9857565025];
[-0.8178442852, 0.0802026183, -0.5698230121];
[-0.8292294946, 0.0670573442, -0.5548709381];
[-0.8287524311, 0.0550873347, -0.5568974713];
[-0.8254446315, 0.0372283874, -0.5632541234];
[-0.8233956532, 0.0124503679, -0.5673311084];
[-0.8050069551, 0.0773958089, -0.5881952831];
[-0.8204409299, 0.0646782975, -0.5680610868];
[-0.8174470385, 0.0204484540, -0.5756406865];
[-0.8031203713, 0.0058479079, -0.5957881093];
[-0.8090641738, 0.0058209502, -0.5876914830];
[-0.8026169338, 0.0225814781, -0.5960672230];
[-0.8221472405, 0.0013862851, -0.5692732149];
[-0.8093831619, -0.0007223724, -0.5872804912];
[-0.8165413237, 0.0631754180, -0.5738197742];
[-0.8110524631, 0.0614470982, -0.5817371883];
[-0.8148694688, 0.0610116611, -0.5764246057];
[-0.8184491011, 0.0498649365, -0.5724111782];
[-0.8103669837, 0.0486109231, -0.5839026716];
[-0.7956520788, 0.0253123005, -0.6052247987];
[-0.7971554864, 0.0079205579, -0.6037221177];
[-0.7934694654, 0.0483634915, -0.6066854046];
[-0.7999377256, 0.0703673724, -0.5959430074];
[-0.7686070901, 0.0729087931, -0.6355528687];
[-0.7853214158, 0.0515566590, -0.6169377480];
[-0.8007425052, 0.0722076638, -0.5946406425];
[-0.8085891689, 0.0728948856, -0.5838406389];
[-0.7829389694, 0.0833104773, -0.6164948780];
[-0.7914657283, 0.0130369664, -0.6110744950];
[-0.7893431819, 0.0295072573, -0.6132427439];
[-0.7603416621, 0.0275026477, -0.6489407995];
[-0.7760403814, 0.0637693205, -0.6274510341];
[-0.7308835374, 0.0419984367, -0.6812087683];
[-0.7767458214, 0.0121746761, -0.6296965191];
[-0.7855212067, 0.0272191778, -0.6182358371];
[-0.7162483462, 0.0985105311, -0.6908574251];
[-0.7037951284, 0.0767461624, -0.7062453141];
[-0.7792354040, 0.0884430706, -0.6204595139];
[-0.7467595218, 0.1212559811, -0.6539474013];
[-0.7938792699, 0.0913375969, -0.6011764701];
[-0.8083379100, 0.0843209189, -0.5826489560];
[-0.7817442723, 0.1077091909, -0.6142268497];
[-0.7518514729, 0.1280907234, -0.6467705383];
[-0.6979868304, 0.1381529436, -0.7026579173];
[-0.6563334149, 0.1456732490, -0.7402741067];
[-0.6157735885, 0.1500876058, -0.7734963466];
[-0.5583907175, 0.1573460985, -0.8145194975];
[-0.5140792283, 0.1566725063, -0.8433126780];
[-0.3787114993, 0.1618277402, -0.9112570345];
[-0.3453683078, 0.1495934478, -0.9264677719];
[-0.1459719392, 0.1240747041, -0.9814772849];
[-0.1374036955, 0.0944841686, -0.9859984616];
[0.0206346504, 0.0810224838, -0.9964986545];
[0.0105404790, 0.0674577515, -0.9976664523];
[0.1311109149, 0.0389538769, -0.9906021015];
[0.1170445070, 0.0376885045, -0.9924112857];
[0.2062091803, 0.0216873130, -0.9782675679];
[0.1839312617, 0.0236247098, -0.9826551603];
[0.2917764354, 0.0530966048, -0.9550116556];
[-0.6656990816, 0.1007794446, -0.7393836868];
[-0.5660933059, 0.0989337232, -0.8183828489];
[-0.4844052038, 0.1073724402, -0.8682296687];
[-0.3514532038, 0.0900667751, -0.9318629843];
[-0.1395071274, 0.0467482114, -0.9891169628];
[0.0159092519, 0.0189528539, -0.9996937956];
[0.1060883213, 0.0098513426, -0.9943079096];
[0.2145157794, 0.0042088431, -0.9767114548];
[0.2634757755, 0.0270325127, -0.9642871766];
[-0.6572434194, 0.1779230181, -0.7323759193];
[-0.6571412363, 0.1713483124, -0.7340334811];
[-0.6322960248, 0.1632179468, -0.7573385233];
[-0.5755104113, 0.1990010106, -0.7932126854];
[-0.6347986247, 0.1958686549, -0.7474397475];
[-0.5985210428, 0.2031523866, -0.7749204276];
[-0.7866325202, 0.0069085684, -0.6173828228];
[-0.7913808735, 0.0002742833, -0.6113233497];
[0.4390068757, 0.2598051905, -0.8601012883];
[0.3433451883, 0.2298027757, -0.9106617187];
[0.4251741681, 0.1931006265, -0.8842731901];
[0.3338553901, 0.0445864949, -0.9415692343];
[0.3815284446, 0.0186651549, -0.9241686307];
[0.4143516986, 0.0049560105, -0.9101033501];
[0.2906795754, 0.0744776991, -0.9539174266];
[-0.8028099051, -0.0012075645, -0.5962338451];
[-0.7969956169, 0.0007780162, -0.6039845869];
[-0.5977129487, 0.1989660311, -0.7766284501];
[-0.6326524523, 0.1908171323, -0.7505595890];
[0.3412453070, 0.2279639197, -0.9119123268];
[0.2984284810, 0.1665497736, -0.9397880690];
[0.3022866581, 0.1690001682, -0.9381160480];
[0.4216982804, 0.0587892770, -0.9048283711];
[0.3158331534, -0.0114106417, -0.9487461286];
[0.2039983083, -0.0107569911, -0.9789121397];
[0.2158787472, -0.0303516486, -0.9759483306];
[0.3322217196, -0.0268629611, -0.9428187049];
[0.4040496889, -0.0115003712, -0.9146647421];
[0.4082146512, -0.0205208833, -0.9126552974];
[0.4714549211, -0.0111599442, -0.8818195468];
[0.4704107238, -0.0141929394, -0.8823334468];
[0.5005063136, -0.0108063748, -0.8656654390];
[0.4257364793, -0.0095340747, -0.9047969671];
[0.4276821768, -0.0101237870, -0.9038724825];
[0.4130100367, -0.0315637768, -0.9101793436];
[0.3425281077, -0.0372832829, -0.9387675177];
[0.3903458327, -0.0252168933, -0.9203228994];
[0.4223629832, -0.0194311743, -0.9062184835];
[-0.1995485238, -0.0094410350, -0.9798424636];
[-0.1879048800, -0.0258470663, -0.9818470783];
[-0.1745673821, -0.0096506419, -0.9845979353];
[-0.1324268440, -0.0099314818, -0.9911430253];
[-0.1425545267, -0.0407042251, -0.9889496312];
[0.0157188490, -0.0106676977, -0.9998195427];
[-0.0698099959, -0.0102679260, -0.9975074607];
[-0.0822178734, -0.0224186686, -0.9963621955];
[0.0103061583, -0.0538997374, -0.9984931654];
[-0.0807972525, -0.0420279404, -0.9958440923];
[0.1209136399, -0.0109160481, -0.9926030080];
[0.1155650622, -0.0650697116, -0.9911663075];
[0.2013035342, -0.0678233081, -0.9771780217];
[0.3241932560, -0.0697973979, -0.9434124528];
[0.4203244582, -0.0518634958, -0.9058904612];
[0.4953752861, -0.0321306418, -0.8680846432];
[0.4977273618, -0.0089108245, -0.8672877669];
[0.5469984733, -0.0085580687, -0.8370898576];
[0.5421352277, -0.0362007681, -0.8395111073];
[0.5783281026, -0.0083813853, -0.8157612139];
[0.5769669948, -0.0300717113, -0.8162136847];
[0.6091068922, -0.0082319076, -0.7930454145];
[0.6111499585, -0.0222562606, -0.7912018624];
[0.6340751725, -0.0081153490, -0.7732288256];
[0.6372173220, -0.0253850143, -0.7702659836];
[0.6520389240, -0.0079274694, -0.7581440475];
[0.6440105912, -0.0210491785, -0.7647269385];
[-0.0886802258, -0.0603133987, -0.9942324233];
[-0.0543401296, -0.0828513413, -0.9950792961];
[0.0168769420, -0.0786665051, -0.9967581200];
[0.1047936070, -0.0846292742, -0.9908865656];
[0.1930789328, -0.0900488230, -0.9770423405];
[0.2972205721, -0.0835629792, -0.9511451835];
[0.4037940580, -0.0672978203, -0.9123712852];
[0.4903277379, -0.0446632355, -0.8703929600];
[-0.1052065006, -0.0793106687, -0.9912827094];
[-0.0842482820, -0.0891827183, -0.9924458019];
[-0.1238818667, -0.0690212698, -0.9898936041];
[-0.1634221293, -0.0531216120, -0.9851250185];
[-0.1968373128, -0.0299452652, -0.9799787515];
[-0.1046092513, -0.0764409120, -0.9915713245];
[-0.0832824021, -0.0856362183, -0.9928396042];
[-0.2024235478, -0.0371961639, -0.9785914125];
[-0.2591960307, -0.0226073173, -0.9655601104];
[-0.2497956644, -0.0224867037, -0.9680374343];
[-0.1911845838, -0.0384433856, -0.9808009793];
[-0.2177645086, -0.0089537816, -0.9759602700];
[-0.2715950505, -0.0084610966, -0.9623744273];
[-0.2694193261, -0.0161645940, -0.9628872897];
[-0.2115026626, -0.0192955192, -0.9771869354];
[-0.1120307687, -0.0750224814, -0.9908686765];
[-0.1300878196, -0.0734653128, -0.9887770259];
[-0.1289081505, -0.0735369661, -0.9889261870];
[-0.1582520605, -0.0642320078, -0.9853073300];
[-0.1531239098, -0.0624274155, -0.9862331804];
[-0.1845821501, -0.0406094654, -0.9819777498];
[-0.2376228184, -0.0243322073, -0.9710526968];
[-0.1430886034, -0.0609504622, -0.9878313078];
[-0.1197341740, -0.0803876017, -0.9895461389];
[-0.0757582663, -0.0790186242, -0.9939903129];
[-0.1396928804, -0.0632434527, -0.9881731452];
[-0.1073967310, -0.0816630419, -0.9908567453];
[-0.0998800851, -0.0826096363, -0.9915642272];
[-0.0754283110, -0.0887474947, -0.9931940657];
[-0.2308184504, -0.0289768007, -0.9725652615];
[-0.1829366384, -0.0441330847, -0.9821336249];
[-0.1019386226, -0.0724881119, -0.9921461540];
[-0.1385381742, -0.0408442527, -0.9895144877];
[-0.0643220807, -0.0512779292, -0.9966108789];
[-0.1736610020, -0.0278901176, -0.9844104823];
[-0.1829340112, -0.0418630434, -0.9822334922];
[0.0013688754, -0.0936012675, -0.9956088232];
[0.0006387683, -0.0762188919, -0.9970909048];
[-0.0661255225, -0.0924258808, -0.9935214501];
[0.0211537520, -0.1117540239, -0.9935107231];
[-0.0484404784, -0.0951133370, -0.9942871684];
[-0.0408492739, -0.0899890177, -0.9951046747];
[0.0257561713, -0.1032252278, -0.9943244802];
[0.0961958527, -0.1113500665, -0.9891145134];
[0.1064883656, -0.1149327419, -0.9876490737];
[0.1892872993, -0.1092587005, -0.9758241925];
[0.1920135246, -0.1110480178, -0.9750893006];
[0.2855537645, -0.1041769923, -0.9526836840];
[0.2764236804, -0.1048670258, -0.9552972604];
[0.3814951764, -0.0947556251, -0.9195013876];
[0.3629065165, -0.0917952776, -0.9272930968];
[0.4759674495, -0.0707652362, -0.8766112413];
[0.4624081223, -0.0595765784, -0.8846634161];
[0.5323469965, -0.0510954365, -0.8449827996];
[0.5231034822, -0.0462616635, -0.8510126940];
[0.5719175740, -0.0330652926, -0.8196444198];
[0.5678363005, -0.0326327871, -0.8224943994];
[0.6012929207, -0.0255364901, -0.7986205051];
[0.5959658033, -0.0263107950, -0.8025786587];
[0.6353340927, -0.0403863356, -0.7711806109];
[0.0812728068, -0.0890036108, -0.9927099718];
[0.1832329547, -0.0790002710, -0.9798901171];
[0.2514036070, -0.0790249050, -0.9646508647];
[0.3312294555, -0.0639134765, -0.9413830864];
[0.4476805168, -0.0380435984, -0.8933839261];
[0.5227649780, -0.0240462026, -0.8521376403];
[0.5646225555, -0.0197602565, -0.8251126602];
[0.6124937865, -0.0171756845, -0.7902887810];
[0.6332251874, -0.0281711834, -0.7734547476];
[0.0508162551, -0.1508287635, -0.9872529525];
[0.0483131737, -0.1460504544, -0.9880967068];
[0.0993105569, -0.1340719747, -0.9859828188];
[0.1392655698, -0.1536841298, -0.9782567604];
[0.1103954804, -0.1607116811, -0.9808081328];
[0.0713838265, -0.1611988127, -0.9843369810];
[0.1730556014, -0.0081632549, -0.9848782260];
[0.0789270985, -0.0084210632, -0.9968448218];
[0.3221922112, -0.0078724014, -0.9466415395];
[0.4559669465, -0.0077095720, -0.8899633173];
[0.5617945935, -0.0075336729, -0.8272424545];
[0.6146745961, -0.0075735611, -0.7887444340];
[-0.0562389558, -0.0084379728, -0.9983816808];
[0.0158856772, -0.0084339651, -0.9998382437];
[-0.1239009716, -0.0083772127, -0.9922592260];
[-0.1687568692, -0.0084317449, -0.9856216438];
[-0.2266343659, -0.0230781701, -0.9737064559];
[-0.2210729964, -0.0082879228, -0.9752220468];
[-0.2544215817, -0.0167121149, -0.9669489976];
[-0.2593374102, -0.0081953184, -0.9657520098];
[0.7056301086, -0.1178800723, -0.6987062605];
[0.6700883143, -0.1324862035, -0.7303622779];
[0.7139325919, -0.1578791915, -0.6821835641];
[0.6557709957, -0.0369737962, -0.7540539368];
[0.6783802086, -0.0248640314, -0.7342901828];
[0.6670955999, -0.0078438333, -0.7449308256];
[0.6931496818, -0.0182107809, -0.7205635892];
[0.6814145525, -0.0078272919, -0.7318558199];
[0.6363241714, -0.0504826020, -0.7697681831];
[-0.2665755891, -0.0083511845, -0.9637778339];
[-0.2656205149, -0.0155245236, -0.9639526603];
[-0.2632593401, -0.0172755030, -0.9645704105];
[-0.2668773260, -0.0082558251, -0.9636951459];
[0.0713783299, -0.1573257389, -0.9849638297];
[0.1104486346, -0.1576632844, -0.9812967889];
[0.4645072631, -0.0104695442, -0.8855074201];
[0.4975586002, -0.0105853565, -0.8673657761];
[0.2500202067, -0.0080787408, -0.9682069150];
[0.5180470548, -0.0075447946, -0.8553188441];
[0.6369255795, -0.0076094198, -0.7708877369];
[0.6489733006, -0.0971237859, -0.7545863936];
[0.6709570665, -0.1319363847, -0.7296638989];
[0.6480330787, -0.0978423031, -0.7553012728];
[0.7003360095, -0.0458260397, -0.7123408229];
[-0.0778143859, -0.0102349723, -0.9969153257];
[0.3323386324, 0.0042637003, -0.9431504940];
[0.2159696077, 0.0089469271, -0.9763590943];
[0.4082996110, -0.0022334460, -0.9128452440];
[0.4704435477, -0.0078682086, -0.8823950134];
[0.4131858294, 0.0120691017, -0.9105667505];
[0.3904668734, 0.0040022684, -0.9206082786];
[0.3427181031, 0.0167900800, -0.9392882385];
[0.4224417970, -0.0021147991, -0.9063875858];
[-0.1879632731, 0.0068463562, -0.9821521956];
[-0.1426409472, 0.0211191908, -0.9895491599];
[-0.0822383664, 0.0020694090, -0.9966105401];
[-0.0808494747, 0.0218068682, -0.9964877435];
[0.0103155698, 0.0329131991, -0.9994049781];
[0.1157003925, 0.0435953687, -0.9923269940];
[0.2015431553, 0.0472106638, -0.9783412031];
[0.3245797563, 0.0499749550, -0.9445371807];
[0.4206571105, 0.0333259576, -0.9066073990];
[0.4955793184, 0.0144675845, -0.8684421847];
[0.5423879588, 0.0194716704, -0.8399024682];
[0.5771730634, 0.0138025146, -0.8165052023];
[0.6112895252, 0.0062274119, -0.7913825470];
[0.6373944781, 0.0094153966, -0.7704801293];
[0.6441444418, 0.0052469660, -0.7648858787];
[-0.0887694243, 0.0404020696, -0.9952324663];
[-0.0544185512, 0.0632120612, -0.9965153569];
[0.0169004241, 0.0584891113, -0.9981449792];
[0.1049542982, 0.0641477277, -0.9924059977];
[0.1933864015, 0.0703363357, -0.9785982320];
[0.2976443767, 0.0644118073, -0.9525014142];
[0.4042210868, 0.0492176828, -0.9133361554];
[0.4906350556, 0.0272652403, -0.8709384874];
[-0.0843776930, 0.0700251191, -0.9939702650];
[-0.1053489894, 0.0599721079, -0.9926252751];
[-0.1240233940, 0.0498863339, -0.9910244959];
[-0.1635556661, 0.0345194839, -0.9859299921];
[-0.1969119926, 0.0117668296, -0.9803505541];
[-0.0834023186, 0.0668795000, -0.9942691717];
[-0.1047432705, 0.0573957367, -0.9928416675];
[-0.2025260066, 0.0192971201, -0.9790867366];
[-0.2498549178, 0.0056054650, -0.9682670597];
[-0.2592581754, 0.0056355459, -0.9657916127];
[-0.1912841560, 0.0209171682, -0.9813117974];
[-0.2115418622, 0.0013204569, -0.9773680458];
[-0.2694544652, -0.0007033958, -0.9630128745];
[-0.1121698857, 0.0561895628, -0.9920991129];
[-0.1290619378, 0.0550742738, -0.9901059744];
[-0.1302436612, 0.0548881654, -0.9899615538];
[-0.1584128752, 0.0458336250, -0.9863085926];
[-0.1532729327, 0.0442423828, -0.9871930002];
[-0.1846846689, 0.0232342909, -0.9825231503];
[-0.2376864959, 0.0075064994, -0.9713129167];
[-0.1432213394, 0.0431936978, -0.9887476687];
[-0.1198903781, 0.0621944905, -0.9908370919];
[-0.0758532027, 0.0612513975, -0.9952359308];
[-0.1398268335, 0.0457019358, -0.9891207154];
[-0.1075404922, 0.0633066239, -0.9921831050];
[-0.1000177059, 0.0639183169, -0.9929304645];
[-0.0755382457, 0.0705834576, -0.9946416183];
[-0.2308980681, 0.0122573664, -0.9729007345];
[-0.1830485874, 0.0269412044, -0.9827346469];
[-0.1386139778, 0.0239884298, -0.9900559178];
[-0.1020539153, 0.0548008886, -0.9932682724];
[-0.0643688265, 0.0343399124, -0.9973351616];
[-0.1737181512, 0.0109587193, -0.9847344365];
[-0.1830382662, 0.0247866489, -0.9827932718];
[0.0013709039, 0.0762976701, -0.9970841420];
[0.0006395088, 0.0591847617, -0.9982468407];
[-0.0662263694, 0.0742706327, -0.9950366531];
[0.0211938469, 0.0934983973, -0.9953938269];
[-0.0485191305, 0.0763278440, -0.9959015786];
[-0.0409131636, 0.0706601879, -0.9966610512];
[0.0258030637, 0.0839626044, -0.9961347715];
[0.0963867520, 0.0920607804, -0.9910773970];
[0.1066956470, 0.0967687305, -0.9895715496];
[0.1896377496, 0.0909694385, -0.9776308532];
[0.1923623755, 0.0934858452, -0.9768608464];
[0.2860495996, 0.0861089797, -0.9543379224];
[0.2768869175, 0.0876329202, -0.9568981692];
[0.3820663447, 0.0775172569, -0.9208780501];
[0.3634092452, 0.0753475108, -0.9285776613];
[0.4764653674, 0.0540820869, -0.8775282797];
[0.4627912317, 0.0435608503, -0.8853963678];
[0.5327197101, 0.0348374056, -0.8455743998];
[0.5234176387, 0.0306794172, -0.8515237806];
[0.5721462922, 0.0171522302, -0.8199722076];
[0.5680554425, 0.0171383371, -0.8228118203];
[0.6014604054, 0.0097630009, -0.7988429536];
[0.5961369209, 0.0108774962, -0.8028091003];
[0.6356596275, 0.0246515343, -0.7715757512];
[0.0813860134, 0.0718049025, -0.9940927385];
[0.1834490140, 0.0624185646, -0.9810455555];
[0.2516970866, 0.0626373131, -0.9657769637];
[0.3315259441, 0.0479709975, -0.9422257329];
[0.4478911891, 0.0225229615, -0.8938043404];
[0.5228953830, 0.0089185717, -0.8523502082];
[0.5647268691, 0.0045912291, -0.8252650992];
[0.6125829378, 0.0019899105, -0.7904038111];
[0.6334236526, 0.0129296323, -0.7736971635];
[0.0509404145, 0.1340449433, -0.9896651087];
[0.0484269783, 0.1292852561, -0.9904242275];
[0.0995258783, 0.1170995311, -0.9881205895];
[0.1396043200, 0.1373430976, -0.9806362768];
[0.0715689391, 0.1446612430, -0.9868895641];
[0.1106776156, 0.1443694744, -0.9833147615];
[-0.2266900164, 0.0064574972, -0.9739455514];
[-0.2544571098, 0.0002612039, -0.9670840248];
[0.7155856733, 0.1428465035, -0.6837631320];
[0.6713583029, 0.1175801315, -0.7317465010];
[0.7068326118, 0.1026250375, -0.6998969643];
[0.6560702421, 0.0213411856, -0.7543980323];
[0.6785611436, 0.0092220580, -0.7344860298];
[0.6932624761, 0.0025019059, -0.7206808445];
[0.6367496021, 0.0348468674, -0.7702828312];
[-0.2656523484, -0.0011671374, -0.9640681862];
[-0.2632985593, 0.0007475931, -0.9647141078];
[0.1107249357, 0.1413249010, -0.9837516256];
[0.0715582028, 0.1408188775, -0.9874459314];
[0.6722181392, 0.1170903333, -0.7310353119];
[0.6498561376, 0.0820740037, -0.7556129024];
[0.6489277555, 0.0826828548, -0.7563440445];
[0.7007518707, 0.0302417471, -0.7127638125]];
