p3d_2=[[0.2236621611, 0.2061437329, 0.9526174463];
[0.1658473680, 0.2226660342, 0.9606843851];
[0.1768491985, 0.2073502568, 0.9621487577];
[0.2377964697, 0.1953020563, 0.9514777695];
[0.2721022532, 0.1977537887, 0.9417291558];
[0.2791565754, 0.1924364339, 0.9407655528];
[0.3205817512, 0.1938744652, 0.9271677478];
[0.3256661901, 0.1929150989, 0.9255945642];
[0.3504294356, 0.1933468233, 0.9164148714];
[0.3779618787, 0.2162771952, 0.9002049728];
[0.3452947016, 0.2088198263, 0.9149676766];
[0.3583051580, 0.1972285404, 0.9125340084];
[0.2860178632, 0.1960388895, 0.9379565745];
[0.3001689957, 0.1971205781, 0.9332963365];
[0.3113861375, 0.1965011709, 0.9297451066];
[-0.2261440876, 0.2796691052, 0.9330830849];
[-0.2134158497, 0.2606348365, 0.9415535869];
[-0.1962553369, 0.2737644326, 0.9415608733];
[-0.1496713776, 0.2661314140, 0.9522460550];
[-0.1620251477, 0.2383981691, 0.9575563506];
[-0.0089167350, 0.2450430594, 0.9694711914];
[-0.0863825853, 0.2568157114, 0.9625921978];
[-0.0985267444, 0.2478620268, 0.9637722222];
[-0.0113668479, 0.2101232593, 0.9776088229];
[-0.0971325112, 0.2302422116, 0.9682736180];
[0.0795333750, 0.2341733425, 0.9689361630];
[0.0796122956, 0.1920247950, 0.9781555911];
[0.1771947888, 0.1813521126, 0.9673228097];
[0.2889942514, 0.1730473870, 0.9415608979];
[0.3935798073, 0.1823207280, 0.9010294598];
[0.5224937702, 0.1989092499, 0.8291172236];
[0.5184281354, 0.2189663470, 0.8266111585];
[0.6028386959, 0.2211644413, 0.7665975454];
[0.6053635885, 0.1981434676, 0.7708917512];
[0.6460593547, 0.2239657145, 0.7296894332];
[0.6497018180, 0.2078217126, 0.7312302534];
[0.6824044291, 0.2278974564, 0.6945408156];
[0.6857341842, 0.2191906743, 0.6940634531];
[0.7080459305, 0.2322973373, 0.6668649844];
[0.7127247659, 0.2174620524, 0.6668835460];
[0.7225589150, 0.2396991627, 0.6484234155];
[0.7172317829, 0.2251513157, 0.6594584556];
[-0.1048943967, 0.2147103818, 0.9710286389];
[-0.0673387387, 0.1923167927, 0.9790197881];
[0.0027479979, 0.1911144297, 0.9815639171];
[0.0842647737, 0.1793032204, 0.9801784547];
[0.1844032162, 0.1649996624, 0.9689017315];
[0.2851455930, 0.1649149737, 0.9441901515];
[0.3987274050, 0.1713983331, 0.9009101331];
[0.5249570157, 0.1892124903, 0.8298305642];
[-0.1219654657, 0.1989632827, 0.9723878019];
[-0.0980755851, 0.1888305297, 0.9770998980];
[-0.1422477670, 0.2120616623, 0.9668481909];
[-0.1879669985, 0.2353989877, 0.9535490150];
[-0.2286245133, 0.2678126466, 0.9359525726];
[-0.1202979536, 0.2042653247, 0.9714957949];
[-0.0947452644, 0.1953998200, 0.9761363866];
[-0.2380040809, 0.2632068075, 0.9349204426];
[-0.3201131804, 0.2956958139, 0.9000508527];
[-0.3091115745, 0.2987451423, 0.9028850284];
[-0.2263816454, 0.2682377916, 0.9363759062];
[-0.2544372954, 0.2965905262, 0.9204866770];
[-0.3350591938, 0.3143081751, 0.8882261580];
[-0.3343533751, 0.3056331196, 0.8915134417];
[-0.2471580632, 0.2833578748, 0.9266181558];
[-0.1282711006, 0.2076339238, 0.9697601139];
[-0.1492139034, 0.2117372895, 0.9658687961];
[-0.1477079061, 0.2126778145, 0.9658936389];
[-0.1828799816, 0.2244637156, 0.9571681946];
[-0.1769167199, 0.2290743239, 0.9571966508];
[-0.2188418691, 0.2682565063, 0.9381613311];
[-0.2938230254, 0.2985328728, 0.9080452376];
[-0.1646441481, 0.2362383293, 0.9576449009];
[-0.1364510053, 0.2065829018, 0.9688677040];
[-0.0787200864, 0.2115315341, 0.9741958520];
[-0.1604396577, 0.2360331806, 0.9584088136];
[-0.1217317563, 0.2035206441, 0.9714734824];
[-0.1138917578, 0.1996992509, 0.9732157400];
[-0.0818059434, 0.1956160332, 0.9772625825];
[-0.2865881073, 0.2950108730, 0.9115019701];
[-0.2180425043, 0.2668091533, 0.9387600024];
[-0.1117381421, 0.2216021621, 0.9687141319];
[-0.1572779399, 0.2787728432, 0.9473908124];
[-0.0539145288, 0.2605132444, 0.9639637302];
[-0.2053161508, 0.2948288692, 0.9332315983];
[-0.2185584001, 0.2720901170, 0.9371228276];
[0.0262413044, 0.1923392346, 0.9809775802];
[0.0317770412, 0.2193666916, 0.9751248506];
[-0.0704586733, 0.1908031866, 0.9790963790];
[0.0320391684, 0.1628419206, 0.9861318373];
[-0.0547440147, 0.1832707983, 0.9815370127];
[-0.0505152595, 0.1859562642, 0.9812586185];
[0.0222944622, 0.1691840490, 0.9853322863];
[0.0951093802, 0.1566427273, 0.9830652378];
[0.1302294210, 0.1540600434, 0.9794415761];
[0.2081532963, 0.1491421633, 0.9666585852];
[0.2288358106, 0.1481128959, 0.9621313537];
[0.3053655206, 0.1473303061, 0.9407686643];
[0.3254444700, 0.1483428558, 0.9338523942];
[0.4142796329, 0.1475355086, 0.8981122755];
[0.4357176176, 0.1538761145, 0.8868327345];
[0.5306066909, 0.1677844811, 0.8308458988];
[0.5352007607, 0.1862885373, 0.8239276222];
[0.6020881481, 0.1872387510, 0.7761646166];
[0.6013768069, 0.2003797101, 0.7734299631];
[0.6461058950, 0.2090597011, 0.7340580453];
[0.6439266913, 0.2153011414, 0.7341688053];
[0.6756095448, 0.2190219026, 0.7039752475];
[0.6703265473, 0.2231681670, 0.7077134231];
[0.7124365859, 0.2032269448, 0.6716642912];
[0.1294141180, 0.1931892328, 0.9725892794];
[0.2501992408, 0.1937823503, 0.9486035740];
[0.3357450345, 0.1863305427, 0.9233396995];
[0.4359230869, 0.1953388515, 0.8785293367];
[0.5340579284, 0.2196952792, 0.8164043811];
[0.6037528461, 0.2344273895, 0.7619227650];
[0.6402142826, 0.2362699365, 0.7309597728];
[0.6836695782, 0.2384634243, 0.6897326316];
[0.7051838692, 0.2246700161, 0.6724872449];
[0.1118199188, 0.1178473800, 0.9867159170];
[0.1104062913, 0.1255756635, 0.9859214997];
[0.1695675893, 0.1386349943, 0.9757187971];
[0.2443873984, 0.1061167674, 0.9638537395];
[0.2065611047, 0.0975170941, 0.9735619787];
[0.1464248196, 0.1000891875, 0.9841452773];
[0.2436638723, 0.2928414004, 0.9245927923];
[0.1378425269, 0.3067610866, 0.9417521296];
[0.4338842890, 0.2708240471, 0.8593013204];
[0.5386350190, 0.2577167579, 0.8021560877];
[0.6356873012, 0.2534019117, 0.7291701627];
[0.6834057447, 0.2509331383, 0.6855575455];
[-0.0404041068, 0.3208668354, 0.9462621107];
[0.0568633945, 0.3145999081, 0.9475196316];
[-0.1340017863, 0.3266682654, 0.9355914523];
[-0.1969383516, 0.3231855340, 0.9256167653];
[-0.2813639004, 0.3060492378, 0.9094878886];
[-0.2721570329, 0.3283774580, 0.9044881395];
[-0.3216358364, 0.3168301287, 0.8922830595];
[-0.3280852183, 0.3299404750, 0.8851549991];
[0.7899639474, 0.1152215961, 0.6022299774];
[0.7594741105, 0.0925581994, 0.6439192925];
[0.8043593205, 0.0625262717, 0.5908439294];
[0.7303776403, 0.2098448235, 0.6500105019];
[0.7480272832, 0.2263706957, 0.6238681686];
[0.7346871554, 0.2440864560, 0.6329743958];
[0.7598829188, 0.2352632128, 0.6059943650];
[0.7468432443, 0.2464726156, 0.6176377727];
[0.7149442796, 0.1924564890, 0.6721719847];
[-0.3323250518, 0.3204861163, 0.8870449307];
[-0.3323818988, 0.3111272638, 0.8903494253];
[-0.3324546342, 0.3130572423, 0.8896454795];
[-0.3361743504, 0.3256095363, 0.8837223749];
[0.1490329487, 0.1062055664, 0.9831121797];
[0.2079464402, 0.1023640078, 0.9727691853];
[0.3482833134, 0.2005790644, 0.9156783128];
[0.3595113199, 0.1954591200, 0.9124403231];
[0.3410993043, 0.2812994844, 0.8969514283];
[0.5969229894, 0.2562400183, 0.7602788947];
[0.7037025925, 0.2503577855, 0.6649237855];
[0.7337328821, 0.1384799866, 0.6651761804];
[0.7597444531, 0.0930919118, 0.6435233189];
[0.7335513897, 0.1371547777, 0.6656507535];
[0.7711229383, 0.2048580159, 0.6028288375];
[-0.0942038295, 0.2577812989, 0.9615999378];
[0.2367148076, 0.2165025834, 0.9471497934];
[0.1755984545, 0.2376612525, 0.9553440803];
[0.2784678129, 0.2043961320, 0.9384444035];
[0.3253890810, 0.1971141860, 0.9248069764];
[0.3554179006, 0.2330793362, 0.9051807217];
[0.2987782524, 0.2184999584, 0.9289721869];
[0.2832468445, 0.2386899013, 0.9288693967];
[0.3105851826, 0.2086915342, 0.9273535938];
[-0.2112130301, 0.2950802368, 0.9318351301];
[-0.1591546864, 0.2999270060, 0.9405921416];
[-0.0979065993, 0.2705797291, 0.9577060656];
[-0.0955245692, 0.2900087295, 0.9522447130];
[-0.0111436737, 0.2851616031, 0.9584146695];
[0.0778775498, 0.2799805954, 0.9568416554];
[0.1732043691, 0.2756025066, 0.9455387379];
[0.2822840694, 0.2728918767, 0.9196987158];
[0.3868063809, 0.2573518277, 0.8855229305];
[0.5172846140, 0.2421159010, 0.8208510941];
[0.5973762018, 0.2538626781, 0.7607203259];
[0.6424496398, 0.2538327909, 0.7230680290];
[0.6805180567, 0.2499436335, 0.6887839680];
[0.7059743968, 0.2554426130, 0.6605673489];
[0.7118904253, 0.2545187485, 0.6545473467];
[-0.1020598047, 0.3113823404, 0.9447882484];
[-0.0646633350, 0.3346457036, 0.9401228144];
[0.0026550377, 0.3171871667, 0.9483592421];
[0.0814487737, 0.3094461424, 0.9474223885];
[0.1779900292, 0.3061221584, 0.9352052040];
[0.2761005506, 0.2965371161, 0.9142396977];
[0.3886604228, 0.2788741641, 0.8781641511];
[0.5165529339, 0.2577326676, 0.8165457357];
[-0.0935061665, 0.3513156223, 0.9315760465];
[-0.1170683155, 0.3393567018, 0.9333445443];
[-0.1371562979, 0.3348332748, 0.9322418292];
[-0.1824803473, 0.3312881224, 0.9257154545];
[-0.2251625789, 0.3156319315, 0.9217799612];
[-0.0902179040, 0.3576382068, 0.9294921424];
[-0.1154227741, 0.3432497882, 0.9321250807];
[-0.2328938700, 0.3298727363, 0.9148466665];
[-0.3050927563, 0.3358220016, 0.8911464489];
[-0.3160342470, 0.3324814593, 0.8885822607];
[-0.2208762334, 0.3413815585, 0.9136040286];
[-0.2452335747, 0.3075036330, 0.9194030724];
[-0.3319751855, 0.3259793041, 0.8851722824];
[-0.1229841720, 0.3469381187, 0.9297896726];
[-0.1413395657, 0.3546626928, 0.9242496965];
[-0.1429181737, 0.3517589358, 0.9251162342];
[-0.1759989193, 0.3471315031, 0.9211536788];
[-0.1702001262, 0.3507911041, 0.9208569478];
[-0.2129404797, 0.3483367727, 0.9128624458];
[-0.2894153359, 0.3409477585, 0.8944234955];
[-0.1580200533, 0.3609087624, 0.9191161667];
[-0.1296668020, 0.3681090733, 0.9206966007];
[-0.0745774298, 0.3776783305, 0.9229286460];
[-0.1534142735, 0.3695925871, 0.9164416949];
[-0.1157672364, 0.3647668354, 0.9238739648];
[-0.1085746924, 0.3569791376, 0.9277809178];
[-0.0773116193, 0.3755476071, 0.9235729036];
[-0.2808858339, 0.3507147532, 0.8933657203];
[-0.2112613863, 0.3578559705, 0.9095645832];
[-0.1524364898, 0.3655425704, 0.9182275022];
[-0.1062508704, 0.3744432839, 0.9211422147];
[-0.0518095187, 0.3731402016, 0.9263272444];
[-0.2015662219, 0.3463706464, 0.9161868988];
[-0.2120127960, 0.3587005018, 0.9090569423];
[0.0245050403, 0.4002669362, 0.9160708940];
[0.0299667459, 0.3917740919, 0.9195733005];
[-0.0664306049, 0.3787247043, 0.9231221875];
[0.0299558978, 0.3860031427, 0.9220109642];
[-0.0518737512, 0.3636904183, 0.9300744022];
[-0.0482280620, 0.3464447155, 0.9368298208];
[0.0211554954, 0.3540314968, 0.9349941948];
[0.0901173588, 0.3524886010, 0.9314669333];
[0.1219110417, 0.3800906290, 0.9168799331];
[0.1972952943, 0.3486965324, 0.9162343014];
[0.2152290065, 0.3671410113, 0.9049220699];
[0.2910590161, 0.3335054135, 0.8966932521];
[0.3078116566, 0.3537110667, 0.8832556059];
[0.3968477283, 0.3199346984, 0.8603218406];
[0.4151459301, 0.3371830556, 0.8449623919];
[0.5141159726, 0.2960085221, 0.8050240503];
[0.5193461923, 0.3017406474, 0.7995199273];
[0.5887555673, 0.2780653424, 0.7589773036];
[0.5876114583, 0.2891201041, 0.7557263655];
[0.6372492800, 0.2640897993, 0.7239958101];
[0.6343660799, 0.2728783427, 0.7232683367];
[0.6689146311, 0.2583510558, 0.6969992455];
[0.6628060025, 0.2664682996, 0.6997734265];
[0.6993270985, 0.2761493406, 0.6593050515];
[0.1215673302, 0.3879733621, 0.9136181120];
[0.2373441547, 0.3659384149, 0.8998648947];
[0.3192974554, 0.3563390029, 0.8781068557];
[0.4196839233, 0.3293695553, 0.8458020457];
[0.5234660428, 0.2926479717, 0.8002127634];
[0.5971227642, 0.2749511580, 0.7535557479];
[0.6351771283, 0.2657488357, 0.7252086403];
[0.6794711681, 0.2615584271, 0.6854969883];
[0.6960101598, 0.2738987963, 0.6637388845];
[0.0983420691, 0.4871113454, 0.8677853275];
[0.0972780633, 0.4857154464, 0.8686872185];
[0.1525939676, 0.4535895487, 0.8780498860];
[0.2143217814, 0.4894633045, 0.8452761960];
[0.1272143090, 0.5027356787, 0.8550282784];
[0.1793876153, 0.5029611412, 0.8454881276];
[-0.2772359311, 0.3465042738, 0.8961445345];
[-0.3188491663, 0.3404445455, 0.8845522713];
[0.7303555782, 0.4228064667, 0.5364843158];
[0.7006654825, 0.3951739182, 0.5940584617];
[0.7362984062, 0.3778713732, 0.5613179868];
[0.7178886457, 0.2764925549, 0.6388957345];
[0.7403592731, 0.2656978573, 0.6174729107];
[0.7551166376, 0.2591564270, 0.6021933326];
[0.6974421411, 0.2891535361, 0.6557169301];
[-0.3300925189, 0.3304533905, 0.8842168770];
[-0.3294696091, 0.3378308565, 0.8816575804];
[0.1808743899, 0.5013522531, 0.8461266888];
[0.1295991632, 0.5023188794, 0.8549150837];
[0.7003122529, 0.3971108586, 0.5931826990];
[0.6927675213, 0.3544585745, 0.6280384387];
[0.6933132642, 0.3514300084, 0.6291372401];
[0.7530017056, 0.2940491688, 0.5886624820];
[-0.4429668814, 0.4283439741, 0.7875923958];
[-0.6006028300, 0.4370291807, 0.6695384498];
[-0.5965728819, 0.4172543044, 0.6855651990];
[-0.4252695167, 0.4161505775, 0.8037191891];
[-0.3177081370, 0.4275125858, 0.8463418510];
[-0.3112585858, 0.4222683838, 0.8513562737];
[-0.2038466288, 0.4378463253, 0.8756352822];
[-0.2006159503, 0.4409407711, 0.8748282556];
[-0.1381905781, 0.4506014590, 0.8819646757];
[-0.2130228430, 0.5733525275, 0.7911309295];
[-0.2396485917, 0.5147460906, 0.8231676711];
[-0.2610317450, 0.5166993964, 0.8154042935];
[-0.4189758263, 0.4638445393, 0.7805815143];
[-0.3294637242, 0.4596720354, 0.8247152686];
[-0.2747185031, 0.4555168047, 0.8467787106];
[-0.9194209684, 0.3125297534, 0.2387262785];
[-0.9209484220, 0.2968092590, 0.2525039954];
[-0.9071660606, 0.3192081528, 0.2741457526];
[-0.8856647494, 0.3309060950, 0.3257285802];
[-0.9045918883, 0.2922116537, 0.3103640847];
[-0.7885272935, 0.3717794897, 0.4899027643];
[-0.8496269082, 0.3486175315, 0.3957270948];
[-0.8631372350, 0.3312934854, 0.3811020075];
[-0.8149439882, 0.3202805606, 0.4829975763];
[-0.8720521575, 0.3088932079, 0.3796182564];
[-0.6980845678, 0.4032347618, 0.5916753020];
[-0.7296880285, 0.3364218209, 0.5952946662];
[-0.6464675495, 0.3737228476, 0.6651397903];
[-0.4706537779, 0.4278080142, 0.7716639970];
[-0.2230780465, 0.5278306325, 0.8195309686];
[0.0922657967, 0.6059607378, 0.7901256906];
[0.0852079025, 0.6356386040, 0.7672699515];
[0.3171655332, 0.6399563345, 0.6999013605];
[0.3482758957, 0.6187577543, 0.7041610199];
[0.4467907387, 0.6270039488, 0.6381567864];
[0.4982150781, 0.6186261994, 0.6075223135];
[0.5573244792, 0.6060964118, 0.5674826557];
[0.6048517803, 0.6015768396, 0.5217850420];
[0.6351871615, 0.5861971814, 0.5029017145];
[0.6758845593, 0.5613532953, 0.4775589392];
[0.6942176677, 0.5817636834, 0.4238075585];
[0.6951233338, 0.5695353267, 0.4386719302];
[-0.8872442511, 0.2847086788, 0.3629581340];
[-0.8871896115, 0.2672917543, 0.3760980075];
[-0.8389554101, 0.2955696028, 0.4569381028];
[-0.7709838565, 0.3161431110, 0.5528448483];
[-0.6918232281, 0.3496559714, 0.6317604948];
[-0.5413810881, 0.4170418011, 0.7300566098];
[-0.2633294579, 0.5247139012, 0.8095263544];
[0.0959662685, 0.6026158746, 0.7922402306];
[-0.9101716040, 0.2559785934, 0.3256725518];
[-0.9104963323, 0.2495222188, 0.3297500435];
[-0.9168963891, 0.2640646117, 0.2992839661];
[-0.9313842480, 0.2727336770, 0.2411218032];
[-0.9365237156, 0.2916722760, 0.1945523413];
[-0.9156650378, 0.2607492416, 0.3058878415];
[-0.9186320432, 0.2555953280, 0.3013074799];
[-0.9438481939, 0.2810756919, 0.1736290366];
[-0.9558204204, 0.2805735864, 0.0876686174];
[-0.9552748408, 0.2842453413, 0.0815755142];
[-0.9472262878, 0.2843280205, 0.1480538292];
[-0.9357447286, 0.3108536674, 0.1665887161];
[-0.9523802824, 0.2938848556, 0.0812618562];
[-0.9553448832, 0.2851362320, 0.0775466525];
[-0.9378438161, 0.3002238626, 0.1741109100];
[-0.9217725163, 0.2606033214, 0.2870911652];
[-0.9308466794, 0.2569442411, 0.2598155430];
[-0.9328402830, 0.2573900569, 0.2521098275];
[-0.9373117520, 0.2601312972, 0.2319016772];
[-0.9394531872, 0.2646549795, 0.2176819949];
[-0.9488158594, 0.2841472040, 0.1378725189];
[-0.9548535587, 0.2864309077, 0.0788163468];
[-0.9441715219, 0.2709287840, 0.1874506102];
[-0.9381258407, 0.2509883178, 0.2385891266];
[-0.9364381502, 0.2699599821, 0.2240651665];
[-0.9477496416, 0.2690590889, 0.1713996022];
[-0.9324795669, 0.2533836383, 0.2574462840];
[-0.9237704608, 0.2542970129, 0.2863235320];
[-0.9309319800, 0.2543922039, 0.2620119372];
[-0.9565114789, 0.2828720709, 0.0711981894];
[-0.9519922039, 0.2800891994, 0.1235349511];
[-0.9414785262, 0.2697666813, 0.2020992884];
[-0.9471065084, 0.3036774970, 0.1037749470];
[-0.9362826399, 0.3224352013, 0.1393210654];
[-0.9463965984, 0.3071308700, 0.1000205342];
[-0.9523184434, 0.2833750053, 0.1130848743];
[-0.9318362371, 0.2793472868, 0.2316167536];
[-0.9302960735, 0.3123954022, 0.1922454897];
[-0.9297911159, 0.2520787732, 0.2682252278];
[-0.9028172377, 0.2531354771, 0.3476254674];
[-0.9097059734, 0.2536598143, 0.3287730837];
[-0.8916651470, 0.2627496198, 0.3686406148];
[-0.8668043801, 0.2665105564, 0.4214525952];
[-0.8231230573, 0.2794126747, 0.4943652393];
[-0.8595450472, 0.2849838658, 0.4242245962];
[-0.7618048480, 0.3344930914, 0.5547681906];
[-0.7964428745, 0.3452255225, 0.4964857363];
[-0.6078315176, 0.4043421761, 0.6834092850];
[-0.6667580314, 0.4338516014, 0.6059756724];
[-0.3328623964, 0.5119602098, 0.7918960593];
[-0.3961032682, 0.5958481859, 0.6986180218];
[0.1030706693, 0.6090639128, 0.7863953123];
[0.1053265612, 0.7269165431, 0.6786005120];
[0.3658754541, 0.6330780084, 0.6821637541];
[0.3931278604, 0.7208998599, 0.5707485237];
[0.5139691920, 0.6444200405, 0.5661788420];
[0.5346019317, 0.6832962254, 0.4972997516];
[0.5996271889, 0.6249958465, 0.4998273965];
[0.6095555306, 0.6538767551, 0.4482044669];
[0.7031030767, 0.5422706166, 0.4599876542];
[-0.9003744304, 0.3334337209, 0.2795493497];
[-0.8343020890, 0.4443288017, 0.3263616709];
[-0.7405125599, 0.5333702669, 0.4088487580];
[-0.4939091708, 0.7224746286, 0.4838224283];
[0.0791365521, 0.8523164236, 0.5170049518];
[0.4027585452, 0.8098748719, 0.4264835824];
[0.5297499993, 0.7402571144, 0.4139859211];
[0.6518441947, 0.6609110791, 0.3718812866];
[0.7112792905, 0.5995695565, 0.3668761613];
[-0.9608198195, 0.1835020825, 0.2077312212];
[-0.9608734943, 0.1931503493, 0.1985322910];
[-0.9341931812, 0.2465063472, 0.2579102963];
[-0.9495583160, 0.2108834492, 0.2320930316];
[-0.9614933091, 0.1770114208, 0.2102321895];
[-0.9653874836, 0.1634239515, 0.2032722771];
[-0.7695685869, 0.5979311622, 0.2241484223];
[-0.8466694891, 0.4950441685, 0.1951462205];
[-0.4339147987, 0.8392439020, 0.3277005041];
[0.1098374365, 0.8929154822, 0.4366207498];
[0.5082934717, 0.7741658273, 0.3772333739];
[0.6440739836, 0.6785136069, 0.3532534344];
[-0.9091945457, 0.3964071187, 0.1273839641];
[-0.8814595179, 0.4445580920, 0.1593650561];
[-0.9285133052, 0.3593393748, 0.0934786383];
[-0.9369751122, 0.3367486690, 0.0931556390];
[-0.9542166202, 0.2925088067, 0.0625239129];
[-0.9473838304, 0.3147275388, 0.0583990949];
[-0.9558918341, 0.2903678913, 0.0442412603];
[-0.9532741173, 0.2996668527, 0.0383175507];
[0.9134022984, 0.2595411488, 0.3135835349];
[0.9051482297, 0.2434672589, 0.3484686157];
[0.9458021786, 0.1365333481, 0.2946470496];
[0.7470447885, 0.5260267441, 0.4064725679];
[0.7736496536, 0.5217144404, 0.3595556371];
[0.7314350262, 0.5694126291, 0.3751960291];
[0.7882760232, 0.5136396093, 0.3388144965];
[0.7587532941, 0.5516201836, 0.3464225913];
[0.7235890945, 0.5207814563, 0.4529961336];
[-0.9529547566, 0.2962712223, 0.0640358864];
[-0.9556639491, 0.2875223367, 0.0635399270];
[-0.9568394809, 0.2862610655, 0.0501279383];
[-0.9538087560, 0.2965391658, 0.0480976097];
[-0.9656431720, 0.1723942548, 0.1944568982];
[-0.9609204031, 0.1852774264, 0.2056799801];
[-0.1840430008, 0.4808681515, 0.8572595842];
[-0.1299744235, 0.4645217556, 0.8759715679];
[-0.6431481860, 0.7094571161, 0.2881510217];
[0.3654295290, 0.8449188874, 0.3906063659];
[0.6901250724, 0.6382474743, 0.3411268766];
[0.8411680215, 0.3866084612, 0.3781140799];
[0.9101817024, 0.2445028297, 0.3343465791];
[0.8318694585, 0.3827688332, 0.4018472649];
[0.8331180455, 0.4493967931, 0.3224233934];
[-0.8543161193, 0.3462139155, 0.3876595065];
[-0.4166929353, 0.4540865407, 0.7875102610];
[-0.5800199905, 0.4682917320, 0.6665430701];
[-0.3076121313, 0.4443538177, 0.8413824703];
[-0.1997289200, 0.4489284312, 0.8709601726];
[-0.2475416230, 0.5837684723, 0.7732641952];
[-0.3214100875, 0.4993858443, 0.8045553643];
[-0.3976610351, 0.5412730565, 0.7408705551];
[-0.2709840504, 0.4784300534, 0.8352678184];
[-0.9086770275, 0.3350158144, 0.2491394464];
[-0.8808293307, 0.3644284403, 0.3022111878];
[-0.8535029126, 0.3598864366, 0.3768481537];
[-0.8465710587, 0.3840652081, 0.3685259264];
[-0.7791497134, 0.4238891630, 0.4617831760];
[-0.6839355976, 0.4700030056, 0.5579688818];
[-0.5906503723, 0.5308673897, 0.6077104181];
[-0.4137433585, 0.6071650982, 0.6783560841];
[-0.1959460448, 0.6658933065, 0.7198550214];
[0.0846561672, 0.6835688129, 0.7249600068];
[0.3099590276, 0.7149719486, 0.6266901260];
[0.4545831671, 0.6971987333, 0.5543176621];
[0.5725764726, 0.6543525455, 0.4939422327];
[0.6363708584, 0.6267824094, 0.4496397911];
[0.6638673473, 0.6194863948, 0.4189471947];
[-0.8463288529, 0.4047950094, 0.3462202667];
[-0.8226182487, 0.4490992988, 0.3487248726];
[-0.7754746597, 0.4693062445, 0.4223632335];
[-0.6983933656, 0.5113250096, 0.5007928130];
[-0.6000127886, 0.5828956919, 0.5479208573];
[-0.4533821341, 0.6485736048, 0.6113893356];
[-0.2155984635, 0.7170942527, 0.6627919246];
[0.0831277113, 0.7225973463, 0.6862527660];
[-0.8400231104, 0.4492293919, 0.3042270983];
[-0.8519386343, 0.4257647292, 0.3048359538];
[-0.8674483689, 0.4091002346, 0.2831436478];
[-0.8954230779, 0.3801061922, 0.2318119805];
[-0.9197734793, 0.3427943739, 0.1910726668];
[-0.8470932415, 0.4530301084, 0.2778430513];
[-0.8573882699, 0.4276084907, 0.2864198549];
[-0.9208409469, 0.3512217590, 0.1693966546];
[-0.9440107522, 0.3199142762, 0.0806136195];
[-0.9448342248, 0.3158768218, 0.0866609547];
[-0.9214592051, 0.3607898809, 0.1440263699];
[-0.9296578253, 0.3254974851, 0.1725911790];
[-0.9494223887, 0.3043977209, 0.0770659155];
[-0.8639439904, 0.4256720032, 0.2690801499];
[-0.8756224616, 0.4210509727, 0.2366461138];
[-0.8746624113, 0.4187654281, 0.2441335339];
[-0.8908326143, 0.3972909778, 0.2204022055];
[-0.8927248920, 0.4003167195, 0.2068545171];
[-0.9202481965, 0.3677796318, 0.1337213492];
[-0.9416439308, 0.3275139366, 0.0777259863];
[-0.8951281394, 0.4088562299, 0.1777138073];
[-0.8715911121, 0.4372555097, 0.2216676625];
[-0.8598879518, 0.4671832408, 0.2057487055];
[-0.8948464103, 0.4160051346, 0.1618321042];
[-0.8643580012, 0.4426474830, 0.2386387470];
[-0.8566999405, 0.4422175898, 0.2655349605];
[-0.8489917435, 0.4712918763, 0.2389497581];
[-0.9389717259, 0.3368191216, 0.0698926132];
[-0.9195175097, 0.3744997678, 0.1193208833];
[-0.9128024709, 0.3959651522, 0.1000162359];
[-0.8752658897, 0.4456551152, 0.1878859778];
[-0.8819486489, 0.4527070606, 0.1312360394];
[-0.9276822816, 0.3602682520, 0.0980426996];
[-0.9214986099, 0.3726478985, 0.1094251143];
[-0.8143040315, 0.5440054844, 0.2024030068];
[-0.8312763423, 0.5286494256, 0.1717830829];
[-0.8424538383, 0.4808407482, 0.2430302557];
[-0.7776593881, 0.5527975532, 0.2994340349];
[-0.8243331778, 0.4813721725, 0.2979188537];
[-0.8160677520, 0.4692588018, 0.3373864268];
[-0.7678393791, 0.5206189668, 0.3733344067];
[-0.7052333282, 0.5685437659, 0.4235610216];
[-0.7058508717, 0.6167764749, 0.3483695264];
[-0.6082021601, 0.6587264993, 0.4429102975];
[-0.6092988043, 0.6960521899, 0.3798240592];
[-0.4583462087, 0.7241177780, 0.5153369738];
[-0.4705237058, 0.7718418179, 0.4276302731];
[-0.2307376065, 0.8033861235, 0.5489361470];
[-0.2493806329, 0.8627575820, 0.4398393510];
[0.0755975214, 0.8133910309, 0.5767842280];
[0.0755451274, 0.8702831206, 0.4867239708];
[0.2964107587, 0.7789222229, 0.5526489237];
[0.3094902972, 0.8380484417, 0.4493223401];
[0.4568035907, 0.7335624811, 0.5032062855];
[0.4678188004, 0.7692639491, 0.4351764546];
[0.5558268251, 0.6902129315, 0.4633170077];
[0.5573940784, 0.7220350232, 0.4098502978];
[0.6240415298, 0.6662529511, 0.4082636088];
[-0.7617812582, 0.6031153993, 0.2365187728];
[-0.6626998192, 0.7025855562, 0.2592344226];
[-0.5421103658, 0.7851950208, 0.2993077522];
[-0.3425385943, 0.8775409306, 0.3355431814];
[0.0622670341, 0.9113948259, 0.4067951423];
[0.3578828986, 0.8534083181, 0.3789644751];
[0.4926446700, 0.7804387536, 0.3849890661];
[0.6228639756, 0.6969708371, 0.3553478860];
[0.6523100476, 0.6791806039, 0.3364599665];
[-0.7347292236, 0.6594995491, 0.1588499693];
[-0.7409666832, 0.6538577928, 0.1530959216];
[-0.7077061314, 0.6789534861, 0.1953821776];
[-0.6422760571, 0.7502244453, 0.1569864586];
[-0.7067233975, 0.6916633945, 0.1488078898];
[-0.6676683934, 0.7300046257, 0.1459868591];
[-0.9414041092, 0.3315921281, 0.0616843883];
[-0.9489211390, 0.3124417149, 0.0439186376];
[0.6662509387, 0.7162606613, 0.2075580685];
[0.6088379053, 0.7578760264, 0.2343935447];
[0.6872180225, 0.6870718868, 0.2359313712];
[0.6761938557, 0.6382752006, 0.3679220539];
[0.7341187558, 0.5870804341, 0.3411835522];
[0.7655101803, 0.5529320499, 0.3290293484];
[0.6177278226, 0.6847319946, 0.3867226819];
[-0.9500339691, 0.3056886721, 0.0631656024];
[-0.9496402084, 0.3093676374, 0.0497507750];
[-0.6704716702, 0.7279233111, 0.1435109498];
[-0.7100615230, 0.6894684739, 0.1429890102];
[0.6107996998, 0.7593294267, 0.2243714520];
[0.6025220017, 0.7507415427, 0.2708401252];
[0.5987496157, 0.7468881578, 0.2892351594];
[0.7498551493, 0.5945596904, 0.2901999820];
[0.8173053210, 0.5460391314, -0.1839926064];
[0.6972151135, 0.6027972220, -0.3879775697];
[0.7279967366, 0.5615141778, -0.3933479117];
[0.8404759856, 0.5085211579, -0.1870998387];
[0.8687794363, 0.4859564787, -0.0952291550];
[0.8773160282, 0.4677053324, -0.1075560719];
[0.8974221308, 0.4345109380, -0.0763790802];
[0.8993595684, 0.4273301277, -0.0924193087];
[0.9084275278, 0.4084201153, -0.0891764322];
[0.8605748354, 0.3985270065, -0.3171548166];
[0.8729269239, 0.4226509281, -0.2436488837];
[0.8701766554, 0.3836904881, -0.3091507684];
[0.8386944135, 0.4372658190, -0.3246386980];
[0.8679590173, 0.4432951262, -0.2239119812];
[0.8822720952, 0.4389853165, -0.1699642372];
[-0.2598635984, 0.6359658400, -0.7266487188];
[-0.2363723238, 0.6201904471, -0.7479919344];
[-0.1936623154, 0.6685968381, -0.7179646062];
[-0.0738659186, 0.7097909437, -0.7005288305];
[-0.1112090548, 0.6438931794, -0.7569901714];
[0.3545297623, 0.7480855793, -0.5609604387];
[0.1124590515, 0.7446551662, -0.6579070187];
[0.0762700506, 0.7197097575, -0.6900729993];
[0.3650863765, 0.6735298219, -0.6427048442];
[0.0814712844, 0.6824103490, -0.7264148576];
[0.5814160279, 0.6850202910, -0.4389790466];
[0.6203797975, 0.5962655191, -0.5095059741];
[0.7284295283, 0.4846173457, -0.4842896350];
[0.8371295464, 0.3790734228, -0.3943570242];
[0.8732027077, 0.3282277294, -0.3602548944];
[0.8961543034, 0.3085938739, -0.3188687592];
[0.8887757608, 0.3422780962, -0.3048333181];
[0.9070012391, 0.3115515708, -0.2833449681];
[0.9112635103, 0.2692716344, -0.3115952531];
[0.9184635573, 0.2953508540, -0.2630448003];
[0.9209790432, 0.2588109669, -0.2912292661];
[0.9292665994, 0.2812050874, -0.2395564359];
[0.9313834772, 0.2554904319, -0.2593250037];
[0.9374398816, 0.2704548142, -0.2192274203];
[0.9424058424, 0.2442074187, -0.2285475111];
[0.9416822724, 0.2596391256, -0.2140607910];
[0.9424261991, 0.2449380512, -0.2276800614];
[0.0546543327, 0.6322253308, -0.7728544721];
[0.1589883161, 0.5614579983, -0.8120884382];
[0.3756082624, 0.5741329055, -0.7275230856];
[0.5903225468, 0.5207581141, -0.6167092324];
[0.7115504990, 0.4138662673, -0.5678121170];
[0.8086282908, 0.3489499975, -0.4736604127];
[0.8623240484, 0.2998429882, -0.4080335990];
[0.8954047530, 0.2872903133, -0.3401684937];
[-0.0050367763, 0.5560752274, -0.8311167020];
[0.0574626587, 0.5191333398, -0.8527594141];
[-0.0646397265, 0.5601137201, -0.8258900207];
[-0.1798950117, 0.5472550082, -0.8174042701];
[-0.2608961747, 0.5540928433, -0.7905152162];
[-0.0079449250, 0.5375012189, -0.8432255439];
[0.0516330462, 0.4939440881, -0.8679592539];
[-0.2770788165, 0.5214123172, -0.8070666174];
[-0.3966599196, 0.4781197761, -0.7836213294];
[-0.3751023937, 0.4748275482, -0.7961388030];
[-0.2482065292, 0.4956120254, -0.8323233981];
[-0.3028711568, 0.5683246612, -0.7650334253];
[-0.4159671190, 0.4972527744, -0.7613875717];
[-0.4144556050, 0.4811921011, -0.7724511074];
[-0.2924626388, 0.5563516110, -0.7777779181];
[-0.0332663634, 0.5241982561, -0.8509462599];
[-0.0892167017, 0.5084539897, -0.8564548561];
[-0.0868177552, 0.4995346063, -0.8619326276];
[-0.1691201067, 0.5120513616, -0.8421411951];
[-0.1550807815, 0.4999035817, -0.8520835406];
[-0.2321345788, 0.4823429746, -0.8446648993];
[-0.3483926649, 0.4703822003, -0.8107793391];
[-0.1292939775, 0.4722732266, -0.8719180390];
[-0.0636497925, 0.4655938239, -0.8827066869];
[0.0530803654, 0.4331580469, -0.8997536225];
[-0.1217138724, 0.4530055954, -0.8831600443];
[-0.0261627670, 0.4743701225, -0.8799366434];
[0.0008551668, 0.4973220738, -0.8675655731];
[0.0629872663, 0.4418734596, -0.8948633695];
[-0.3340783917, 0.4567362954, -0.8244898936];
[-0.2287398888, 0.4640258482, -0.8557792212];
[-0.0196764672, 0.4434606944, -0.8960778143];
[-0.1190273701, 0.4502155061, -0.8849511191];
[0.0645744475, 0.4307662623, -0.9001503030];
[-0.2015757011, 0.4777733587, -0.8550437734];
[-0.2278437642, 0.4607971962, -0.8577605511];
[0.2448638653, 0.3589964029, -0.9006460293];
[0.2290187741, 0.3774742883, -0.8972533437];
[0.0898050503, 0.4322051635, -0.8972924549];
[0.3362676671, 0.3759666494, -0.8634657692];
[0.1571699234, 0.4694127848, -0.8688781575];
[0.1931968128, 0.5187908978, -0.8327850838];
[0.3826059021, 0.4591433196, -0.8017481748];
[0.5519097532, 0.4077753931, -0.7274028136];
[0.5261919897, 0.3329652985, -0.7824679546];
[0.6699945225, 0.3176121978, -0.6709916778];
[0.6462959320, 0.2817857218, -0.7091532806];
[0.7801573160, 0.2818926918, -0.5584720876];
[0.7427892468, 0.2544796863, -0.6192771787];
[0.8409413108, 0.2416480374, -0.4841734583];
[0.8019070725, 0.2283942555, -0.5520698426];
[0.8864516917, 0.2384245835, -0.3966826393];
[0.8598403794, 0.2417275381, -0.4497135969];
[0.9054597819, 0.2421854433, -0.3485524270];
[0.8877654228, 0.2362886577, -0.3950192709];
[0.9155232928, 0.2492520093, -0.3157380815];
[0.9079274962, 0.2424066184, -0.3419162076];
[0.9256748922, 0.2490815860, -0.2847531518];
[0.9197126259, 0.2429002116, -0.3084285541];
[0.9444438256, 0.2221597420, -0.2422207863];
[0.4192726136, 0.3412180120, -0.8412970604];
[0.5754608753, 0.3017739315, -0.7601166195];
[0.6676160685, 0.2756651729, -0.6915905562];
[0.7418307354, 0.2651149834, -0.6159555224];
[0.8295819539, 0.2637530902, -0.4921667290];
[0.8721006604, 0.2562644433, -0.4168560582];
[0.8973920043, 0.2532091707, -0.3613484558];
[0.9221679834, 0.2459295869, -0.2985378515];
[0.9355681011, 0.2287942979, -0.2690083593];
[0.3687748391, 0.1996105114, -0.9078330033];
[0.3597949858, 0.2094674398, -0.9092144741];
[0.4719753384, 0.2350037745, -0.8497131904];
[0.5317096895, 0.1590085969, -0.8318660182];
[0.4811649440, 0.1487813320, -0.8639122710];
[0.4095205092, 0.1619192682, -0.8978168539];
[0.5169361090, 0.4155852531, -0.7483755452];
[0.3669992309, 0.4691638776, -0.8032414459];
[0.7014620279, 0.3483107055, -0.6217963299];
[0.8224659780, 0.3018302207, -0.4821288552];
[0.8902457626, 0.2675710779, -0.3686030391];
[0.9198111649, 0.2566191808, -0.2968063626];
[0.0786336668, 0.5032668025, -0.8605459151];
[0.2392140186, 0.4882705901, -0.8392666347];
[-0.0807899398, 0.5020918785, -0.8610323636];
[-0.1854582260, 0.5083498016, -0.8409433546];
[-0.3217224668, 0.4620654477, -0.8264321971];
[-0.3038545969, 0.4863461833, -0.8192312091];
[-0.3783824680, 0.4591375098, -0.8037533546];
[-0.3846657472, 0.4698021235, -0.7945553648];
[0.9819815182, 0.1090283537, -0.1543538662];
[0.9723276620, 0.0891912549, -0.2159255374];
[0.9889515162, 0.0578961665, -0.1364658660];
[0.9502988945, 0.2201154255, -0.2201844922];
[0.9545741149, 0.2297489937, -0.1897463019];
[0.9460421417, 0.2532200662, -0.2021975872];
[0.9575287414, 0.2352399531, -0.1667359402];
[0.9506670772, 0.2492266342, -0.1847111074];
[0.9469578410, 0.2077611275, -0.2451655793];
[-0.4030621186, 0.4858746058, -0.7755429040];
[-0.4041629270, 0.4729287073, -0.7829372684];
[-0.3981521354, 0.4609275630, -0.7931082264];
[-0.4016524843, 0.4751157934, -0.7829050164];
[0.4060590411, 0.1688702651, -0.8981085061];
[0.4793814361, 0.1549786074, -0.8638142566];
[0.8943732004, 0.4163366106, -0.1635860785];
[0.9076226913, 0.4031862027, -0.1168842854];
[0.6243160279, 0.3843384038, -0.6800834424];
[0.8625341934, 0.2785496417, -0.4224273456];
[0.9307611977, 0.2526803313, -0.2642654785];
[0.9586420150, 0.1374802474, -0.2492080832];
[0.9719498927, 0.0887235120, -0.2178107997];
[0.9595502711, 0.1386935195, -0.2450048670];
[0.9664507075, 0.1996089950, -0.1616455352];
[0.0888651335, 0.7427652751, -0.6636284609];
[0.8155349947, 0.5494935050, -0.1815476808];
[0.6925950901, 0.6166616107, -0.3742198538];
[0.8647570819, 0.4908724022, -0.1060163862];
[0.8956232170, 0.4351879437, -0.0920353566];
[0.8444978630, 0.4436290064, -0.3000277721];
[0.8481765480, 0.4824099326, -0.2188085929];
[0.8004571166, 0.5130973108, -0.3098379481];
[0.8711173006, 0.4615112802, -0.1678153353];
[-0.2234783617, 0.6707760529, -0.7071894433];
[-0.0988569358, 0.7330886093, -0.6729103931];
[0.0724855469, 0.7514190548, -0.6558317235];
[0.0715038290, 0.7670894188, -0.6375429602];
[0.3068429637, 0.7836207909, -0.5401720575];
[0.5180024017, 0.7420827098, -0.4254253915];
[0.6309586422, 0.6526268717, -0.4194870178];
[0.7545542684, 0.5516321160, -0.3554572613];
[0.8271320468, 0.4465452066, -0.3412476456];
[0.8750903013, 0.3704906607, -0.3113737863];
[0.8894221237, 0.3412259336, -0.3041268619];
[0.9051804349, 0.3141954439, -0.2862334770];
[0.9217970276, 0.2905477840, -0.2566558495];
[0.9311910283, 0.2861557195, -0.2258277509];
[0.9341369315, 0.2765101731, -0.2256774633];
[0.0448000318, 0.7724388508, -0.6335070472];
[0.1212320400, 0.7757903993, -0.6192350513];
[0.2930301830, 0.7694094053, -0.5675759675];
[0.4676625178, 0.7366102029, -0.4885664523];
[0.5885715003, 0.6580184334, -0.4696757715];
[0.7097189424, 0.5687468777, -0.4157234801];
[0.8004438008, 0.4645812736, -0.3787531676];
[0.8633540216, 0.3834591301, -0.3279922695];
[0.0433542514, 0.7643122175, -0.6433873196];
[-0.0039008656, 0.7652844172, -0.6436804673];
[-0.0522998297, 0.7421182767, -0.6682254045];
[-0.1559950846, 0.6879364484, -0.7088081380];
[-0.2451440502, 0.6230352487, -0.7427862907];
[0.0401060262, 0.7374697408, -0.6741883179];
[-0.0062863685, 0.7448551895, -0.6671965439];
[-0.2557109735, 0.6163153428, -0.7448270244];
[-0.3631360984, 0.5235367342, -0.7707408526];
[-0.3838382729, 0.5269365563, -0.7582915310];
[-0.2292414825, 0.5970822469, -0.7687269562];
[-0.2839653588, 0.5908185714, -0.7551801710];
[-0.4072613801, 0.5079294618, -0.7590427064];
[-0.0266363144, 0.7314719633, -0.6813510649];
[-0.0706901420, 0.7088415871, -0.7018165773];
[-0.0723826583, 0.7155000154, -0.6948528468];
[-0.1421792028, 0.6917647146, -0.7079877498];
[-0.1318565628, 0.6765675699, -0.7244792407];
[-0.2135449767, 0.5921431726, -0.7770231696];
[-0.3358329792, 0.5257329342, -0.7815504411];
[-0.1116060330, 0.6489090940, -0.7526360881];
[-0.0512002401, 0.7022832412, -0.7100540715];
[0.0436496923, 0.6713032784, -0.7398963527];
[-0.1049458043, 0.6396239531, -0.7614903655];
[-0.0208521091, 0.7125391661, -0.7013224126];
[0.0006714054, 0.7321529811, -0.6811398986];
[0.0496333383, 0.7073254476, -0.7051434201];
[-0.3187764965, 0.5286250902, -0.7867255299];
[-0.2090460296, 0.5870441571, -0.7820990443];
[-0.1101206024, 0.5635189931, -0.8187306012];
[-0.0164870937, 0.6602875593, -0.7508318819];
[0.0583033172, 0.5797125977, -0.8127324451];
[-0.1923156567, 0.5454749658, -0.8157645186];
[-0.2097622035, 0.5765335211, -0.7896891268];
[0.1991911043, 0.6507994335, -0.7326547627];
[0.1957675420, 0.6110769123, -0.7669811450];
[0.0701020549, 0.7102712004, -0.7004288142];
[0.2529549500, 0.7170194109, -0.6495359557];
[0.1189429400, 0.7439636536, -0.6575489785];
[0.1458039640, 0.7640251024, -0.6284957016];
[0.2840445809, 0.7516910829, -0.5952135683];
[0.4146549502, 0.7275947200, -0.5465045249];
[0.4085034021, 0.6812611653, -0.6074604474];
[0.5447082236, 0.6369474583, -0.5455189148];
[0.5326717941, 0.6120832229, -0.5844783041];
[0.6668421391, 0.5722349842, -0.4773559305];
[0.6400455246, 0.5528053338, -0.5336178309];
[0.7549267174, 0.4910852050, -0.4346504029];
[0.7249003630, 0.4748301813, -0.4990548694];
[0.8333070518, 0.4080985647, -0.3729006823];
[0.8182010417, 0.3839509761, -0.4279353962];
[0.8726412905, 0.3544792419, -0.3359191051];
[0.8598795304, 0.3379583853, -0.3826111903];
[0.8978367352, 0.3130706047, -0.3096384882];
[0.8909399715, 0.3060278558, -0.3355188796];
[0.9138626175, 0.2929623599, -0.2811194976];
[0.9075265372, 0.2894332149, -0.3043419105];
[0.9237867826, 0.3008081187, -0.2369228903];
[0.3523775777, 0.6130945936, -0.7070679331];
[0.5106761376, 0.5331049496, -0.6745435459];
[0.6016511952, 0.4995665564, -0.6232568452];
[0.6931767498, 0.4338661803, -0.5755572352];
[0.8061731868, 0.3483303018, -0.4782789915];
[0.8606929285, 0.2999250473, -0.4114032678];
[0.8892968423, 0.2844706063, -0.3580888165];
[0.9161483112, 0.2696427134, -0.2965890742];
[0.9229554704, 0.2787933026, -0.2653817894];
[0.2718438754, 0.6915599314, -0.6692127978];
[0.2680501372, 0.6850665949, -0.6773720429];
[0.3647013352, 0.6602197861, -0.6565841683];
[0.4109406338, 0.6463589116, -0.6429214204];
[0.3010776636, 0.6882285608, -0.6600709724];
[0.3628337825, 0.6663032826, -0.6514534380];
[-0.3112557925, 0.5136599432, -0.7995456800];
[-0.3715943875, 0.4887423437, -0.7893342338];
[0.9094206836, 0.3964920379, -0.1254913705];
[0.9018449073, 0.3828398320, -0.2002733789];
[0.9216205432, 0.3600408703, -0.1448659587];
[0.9324654314, 0.2895333271, -0.2160524743];
[0.9444991938, 0.2695804045, -0.1877436507];
[0.9515239252, 0.2591311255, -0.1656903124];
[0.9201039722, 0.3109070102, -0.2382131639];
[-0.3978164446, 0.4978468456, -0.7706429749];
[-0.3905219220, 0.4922907069, -0.7779090489];
[0.3636788764, 0.6620315995, -0.6553257482];
[0.3013993095, 0.6817396792, -0.6666254316];
[0.9021540774, 0.3811107431, -0.2021697852];
[0.9058272038, 0.3521746912, -0.2354783722];
[0.9058254843, 0.3549456916, -0.2312871550];
[0.9448500321, 0.2868520369, -0.1580326735]];
