[[-0.2228353098, -0.6631975958, 0.2233038333];
[-0.1878422368, -0.6617348499, 0.220263546];
[-0.1538115969, -0.6601442833, 0.2117686122];
[-0.1215924283, -0.658475445, 0.198060313];
[-0.0919793389, -0.6567807896, 0.1795099813];
[-0.0656889527, -0.6551195796, 0.1566086958];
[-0.04333785558, -0.653585395, 0.1299533614];
[-0.02543524098, -0.6522613266, 0.1002169412];
[-0.01236957848, -0.6512489217, 0.06813258704];
[-0.00442642808, -0.6505937092, 0.03446368972];
[-0.001759120269, -0.6503735529, -3.869096257e-17];
[-0.00442642808, -0.6505937092, -0.03446368972];
[-0.01236957848, -0.6512489217, -0.06813258704];
[-0.02543524098, -0.6522613266, -0.1002169412];
[-0.04333785558, -0.653585395, -0.1299533614];
[-0.0656889527, -0.6551195796, -0.1566086958];
[-0.0919793389, -0.6567807896, -0.1795099813];
[-0.1215924283, -0.658475445, -0.198060313];
[-0.1538115969, -0.6601442833, -0.2117686122];
[-0.1878422368, -0.6617348499, -0.220263546];
[-0.2228353098, -0.6631975958, -0.2233038333];
[-0.2228353098, -0.6631975958, 0.2233038333];
[-0.1896790067, -0.651564374, 0.2204585677];
[-0.1573759865, -0.6400439504, 0.2121315889];
[-0.1267389231, -0.6289564744, 0.1985551605];
[-0.09853725744, -0.6185621416, 0.1800798312];
[-0.07346695469, -0.6091497746, 0.1571950276];
[-0.05213043615, -0.6009960903, 0.13049865];
[-0.03502974955, -0.5943409374, 0.1006694633];
[-0.02254676033, -0.5894114476, 0.06845302195];
[-0.01495467782, -0.5863713556, 0.03462970397];
[-0.01240388479, -0.585354263, -3.451149155e-17];
[-0.01495467782, -0.5863713556, -0.03462970397];
[-0.02254676033, -0.5894114476, -0.06845302195];
[-0.03502974955, -0.5943409374, -0.1006694633];
[-0.05213043615, -0.6009960903, -0.13049865];
[-0.07346695469, -0.6091497746, -0.1571950276];
[-0.09853725744, -0.6185621416, -0.1800798312];
[-0.1267389231, -0.6289564744, -0.1985551605];
[-0.1573759865, -0.6400439504, -0.2121315889];
[-0.1896790067, -0.651564374, -0.2204585677];
[-0.2228353098, -0.6631975958, -0.2233038333];
[-0.2228353098, -0.6631975958, 0.2233038333];
[-0.1947658579, -0.6425100242, 0.2206613171];
[-0.1673614284, -0.6221704745, 0.2125298837];
[-0.141314574, -0.6026931035, 0.1991107249];
[-0.1172834857, -0.5845792086, 0.1807466491];
[-0.09587441173, -0.5682845666, 0.1579052645];
[-0.07761913631, -0.554251302, 0.1311773898];
[-0.06296212001, -0.5428741125, 0.1012493621];
[-0.05224864436, -0.5344879905, 0.06887458817];
[-0.04572664249, -0.5293394814, 0.0348510182];
[-0.04353641919, -0.5276054781, -2.837351859e-17];
[-0.04572664249, -0.5293394814, -0.0348510182];
[-0.05224864436, -0.5344879905, -0.06887458817];
[-0.06296212001, -0.5428741125, -0.1012493621];
[-0.07761913631, -0.554251302, -0.1311773898];
[-0.09587441173, -0.5682845666, -0.1579052645];
[-0.1172834857, -0.5845792086, -0.1807466491];
[-0.141314574, -0.6026931035, -0.1991107249];
[-0.1673614284, -0.6221704745, -0.2125298837];
[-0.1947658579, -0.6425100242, -0.2206613171];
[-0.2228353098, -0.6631975958, -0.2233038333];
[-0.2228353098, -0.6631975958, 0.2233038333];
[-0.2026131672, -0.6354784281, 0.2208579457];
[-0.182827187, -0.6082706217, 0.2129190684];
[-0.1639754693, -0.5822746227, 0.1996713805];
[-0.1465358457, -0.5581432831, 0.1814323044];
[-0.1309540917, -0.5364965575, 0.1586546708];
[-0.1176276887, -0.5179040279, 0.1319151208];
[-0.1068955521, -0.5028724671, 0.1018950871];
[-0.0990321813, -0.4918096599, 0.06935325771];
[-0.09423383633, -0.4850397135, 0.03510619072];
[-0.09262223399, -0.482755978, -2.081994698e-17];
[-0.09423383633, -0.4850397135, -0.03510619072];
[-0.0990321813, -0.4918096599, -0.06935325771];
[-0.1068955521, -0.5028724671, -0.1018950871];
[-0.1176276887, -0.5179040279, -0.1319151208];
[-0.1309540917, -0.5364965575, -0.1586546708];
[-0.1465358457, -0.5581432831, -0.1814323044];
[-0.1639754693, -0.5822746227, -0.1996713805];
[-0.182827187, -0.6082706217, -0.2129190684];
[-0.2026131672, -0.6354784281, -0.2208579457];
[-0.2228353098, -0.6631975958, -0.2233038333];
[-0.2228353098, -0.6631975958, 0.2233038333];
[-0.2124577386, -0.6311448585, 0.2210219843];
[-0.2022806039, -0.5997135951, 0.2132529964];
[-0.1925582933, -0.5696917458, 0.2001564739];
[-0.1835346376, -0.5418561372, 0.1820382512];
[-0.1754428589, -0.5169113851, 0.1593290029];
[-0.1684936137, -0.495516248, 0.1325912091];
[-0.162874454, -0.4782320494, 0.1024952258];
[-0.1587386615, -0.465536452, 0.06980492352];
[-0.1562060655, -0.4577774411, 0.0353493502];
[-0.1553541446, -0.4551618944, -1.253404159e-17];
[-0.1562060655, -0.4577774411, -0.0353493502];
[-0.1587386615, -0.465536452, -0.06980492352];
[-0.162874454, -0.4782320494, -0.1024952258];
[-0.1684936137, -0.495516248, -0.1325912091];
[-0.1754428589, -0.5169113851, -0.1593290029];
[-0.1835346376, -0.5418561372, -0.1820382512];
[-0.1925582933, -0.5696917458, -0.2001564739];
[-0.2022806039, -0.5997135951, -0.2132529964];
[-0.2124577386, -0.6311448585, -0.2210219843];
[-0.2228353098, -0.6631975958, -0.2233038333];
[-0.2228353098, -0.6631975958, 0.2233038333];
[-0.2233336669, -0.6299487845, 0.2211392379];
[-0.2238113179, -0.5973385188, 0.2134861505];
[-0.2242534933, -0.5662003469, 0.2004982438];
[-0.2246467959, -0.5373308452, 0.1824640634];
[-0.2249803304, -0.5114668955, 0.1598024557];
[-0.2252466219, -0.4892979544, 0.1330681115];
[-0.2254435638, -0.4714083436, 0.1029231793];
[-0.2255747553, -0.458275114, 0.07012937155];
[-0.2256480084, -0.4502494012, 0.03552402111];
[-0.2256712841, -0.4475500151, -4.31997888e-18];
[-0.2256480084, -0.4502494012, -0.03552402111];
[-0.2255747553, -0.458275114, -0.07012937155];
[-0.2254435638, -0.4714083436, -0.1029231793];
[-0.2252466219, -0.4892979544, -0.1330681115];
[-0.2249803304, -0.5114668955, -0.1598024557];
[-0.2246467959, -0.5373308452, -0.1824640634];
[-0.2242534933, -0.5662003469, -0.2004982438];
[-0.2238113179, -0.5973385188, -0.2134861505];
[-0.2233336669, -0.6299487845, -0.2211392379];
[-0.2228353098, -0.6631975958, -0.2233038333];
[-0.2228353098, -0.6631975958, 0.2233038333];
[-0.2341691677, -0.6319945307, 0.221191902];
[-0.2452801386, -0.601385496, 0.2135905907];
[-0.2558862718, -0.5721445218, 0.2006439728];
[-0.2657165975, -0.5450358057, 0.1826415036];
[-0.2745143169, -0.5207520134, 0.1599978821];
[-0.2820495085, -0.499938334, 0.1332614449];
[-0.2881229738, -0.4831395091, 0.1030932135];
[-0.2925775948, -0.4708134928, 0.07025658185];
[-0.2952971402, -0.463287369, 0.03559294319];
[-0.2962105611, -0.4607515641, 2.961311336e-18];
[-0.2952971402, -0.463287369, -0.03559294319];
[-0.2925775948, -0.4708134928, -0.07025658185];
[-0.2881229738, -0.4831395091, -0.1030932135];
[-0.2820495085, -0.499938334, -0.1332614449];
[-0.2745143169, -0.5207520134, -0.1599978821];
[-0.2657165975, -0.5450358057, -0.1826415036];
[-0.2558862718, -0.5721445218, -0.2006439728];
[-0.2452801386, -0.601385496, -0.2135905907];
[-0.2341691677, -0.6319945307, -0.221191902];
[-0.2228353098, -0.6631975958, -0.2233038333];
[-0.2228353098, -0.6631975958, 0.2233038333];
[-0.2438933669, -0.6370964628, 0.2211793884];
[-0.2645427999, -0.6114589492, 0.2135542161];
[-0.2842606824, -0.5869593226, 0.2005834172];
[-0.3025423399, -0.5642264372, 0.1825547037];
[-0.3189128244, -0.5438556644, 0.1598923385];
[-0.3329441477, -0.5263887046, 0.1331487331];
[-0.3442666128, -0.512298339, 0.1029904144];
[-0.3525772061, -0.5019523786, 0.07017727984];
[-0.357655017, -0.4956341532, 0.03554944559];
[-0.3593618979, -0.4935049859, 8.518190446e-18];
[-0.357655017, -0.4956341532, -0.03554944559];
[-0.3525772061, -0.5019523786, -0.07017727984];
[-0.3442666128, -0.512298339, -0.1029904144];
[-0.3329441477, -0.5263887046, -0.1331487331];
[-0.3189128244, -0.5438556644, -0.1598923385];
[-0.3025423399, -0.5642264372, -0.1825547037];
[-0.2842606824, -0.5869593226, -0.2005834172];
[-0.2645427999, -0.6114589492, -0.2135542161];
[-0.2438933669, -0.6370964628, -0.2211793884];
[-0.2228353098, -0.6631975958, -0.2233038333];
[-0.2228353098, -0.6631975958, 0.2233038333];
[-0.2515459193, -0.6447408387, 0.2210999709];
[-0.2796790214, -0.6265748899, 0.2133891616];
[-0.3065206174, -0.6091779617, 0.2003338472];
[-0.3313835817, -0.5930158209, 0.1822384379];
[-0.3536258069, -0.5785062393, 0.1595353374];
[-0.3726713409, -0.5660476954, 0.1327874992];
[-0.388025172, -0.5559841757, 0.1026669804];
[-0.3992885585, -0.548594389, 0.06993356337];
[-0.4061646803, -0.5440707249, 0.03541794366];
[-0.4084772681, -0.5425500301, 1.17577914e-17];
[-0.4061646803, -0.5440707249, -0.03541794366];
[-0.3992885585, -0.548594389, -0.06993356337];
[-0.388025172, -0.5559841757, -0.1026669804];
[-0.3726713409, -0.5660476954, -0.1327874992];
[-0.3536258069, -0.5785062393, -0.1595353374];
[-0.3313835817, -0.5930158209, -0.1822384379];
[-0.3065206174, -0.6091779617, -0.2003338472];
[-0.2796790214, -0.6265748899, -0.2133891616];
[-0.2515459193, -0.6447408387, -0.2210999709];
[-0.2228353098, -0.6631975958, -0.2233038333];
[-0.2228353098, -0.6631975958, 0.2233038333];
[-0.256374291, -0.6541922676, 0.2209687263];
[-0.2891957869, -0.6452434199, 0.2131200793];
[-0.3204663383, -0.6366269527, 0.1999465534];
[-0.349386729, -0.6285565077, 0.1817575326];
[-0.3752188514, -0.621269918, 0.15900716];
[-0.397307364, -0.6149863654, 0.1322684035];
[-0.415089637, -0.6098827563, 0.1022114381];
[-0.4281198907, -0.6061220299, 0.06959504949];
[-0.4360678261, -0.6038103245, 0.03523762673];
[-0.4387418911, -0.6030412279, 1.236388436e-17];
[-0.4360678261, -0.6038103245, -0.03523762673];
[-0.4281198907, -0.6061220299, -0.06959504949];
[-0.415089637, -0.6098827563, -0.1022114381];
[-0.397307364, -0.6149863654, -0.1322684035];
[-0.3752188514, -0.621269918, -0.15900716];
[-0.349386729, -0.6285565077, -0.1817575326];
[-0.3204663383, -0.6366269527, -0.1999465534];
[-0.2891957869, -0.6452434199, -0.2131200793];
[-0.256374291, -0.6541922676, -0.2209687263];
[-0.2228353098, -0.6631975958, -0.2233038333];
[-0.2228353098, -0.6631975958, 0.2233038333];
[-0.2579087779, -0.664503912, 0.2207936017];
[-0.2921748164, -0.6656340121, 0.2127833387];
[-0.3247665556, -0.666587046, 0.1994712413];
[-0.3548600727, -0.6673604883, 0.1811902812];
[-0.3816981575, -0.6679530395, 0.1584013821];
[-0.4046131928, -0.6683936865, 0.1316837355];
[-0.4230392287, -0.6686983118, 0.1017089467];
[-0.4365302066, -0.6689050445, 0.06922846809];
[-0.4447518077, -0.6690052379, 0.03504390716];
[-0.4475158178, -0.6690411209, 1.031374388e-17];
[-0.4447518077, -0.6690052379, -0.03504390716];
[-0.4365302066, -0.6689050445, -0.06922846809];
[-0.4230392287, -0.6686983118, -0.1017089467];
[-0.4046131928, -0.6683936865, -0.1316837355];
[-0.3816981575, -0.6679530395, -0.1584013821];
[-0.3548600727, -0.6673604883, -0.1811902812];
[-0.3247665556, -0.666587046, -0.1994712413];
[-0.2921748164, -0.6656340121, -0.2127833387];
[-0.2579087779, -0.664503912, -0.2207936017];
[-0.2228353098, -0.6631975958, -0.2233038333];
[-0.2228353098, -0.6631975958, 0.2233038333];
[-0.2560063499, -0.6746847106, 0.2206003859];
[-0.2883566857, -0.685757029, 0.2124198753];
[-0.3190740233, -0.6961527914, 0.1989731129];
[-0.3473921006, -0.7056218793, 0.1806042904];
[-0.3726155131, -0.713989802, 0.1577918187];
[-0.3941274321, -0.7210639925, 0.1311090647];
[-0.4114078048, -0.7266951636, 0.1012227239];
[-0.4240502882, -0.7308012501, 0.06887633127];
[-0.4317539579, -0.733284843, 0.0348596283];
[-0.434342581, -0.7341206813, 5.850614042e-18];
[-0.4317539579, -0.733284843, -0.0348596283];
[-0.4240502882, -0.7308012501, -0.06887633127];
[-0.4114078048, -0.7266951636, -0.1012227239];
[-0.3941274321, -0.7210639925, -0.1311090647];
[-0.3726155131, -0.713989802, -0.1577918187];
[-0.3473921006, -0.7056218793, -0.1806042904];
[-0.3190740233, -0.6961527914, -0.1989731129];
[-0.2883566857, -0.685757029, -0.2124198753];
[-0.2560063499, -0.6746847106, -0.2206003859];
[-0.2228353098, -0.6631975958, -0.2233038333];
[-0.2228353098, -0.6631975958, 0.2233038333];
[-0.2508630571, -0.6837429888, 0.2204093362];
[-0.2781489859, -0.7036342169, 0.2120613448];
[-0.3040169456, -0.7223983808, 0.1984895668];
[-0.3278340078, -0.7396044052, 0.1800527702];
[-0.3490244654, -0.7548586716, 0.1572252985];
[-0.3670791911, -0.7678022695, 0.1305797153];
[-0.3815775752, -0.7781799645, 0.1007828579];
[-0.3921801245, -0.7857569358, 0.06856172047];
[-0.3986385241, -0.7903609023, 0.0346959688];
[-0.4008061035, -0.7918967184, -5.547164671e-19];
[-0.3986385241, -0.7903609023, -0.0346959688];
[-0.3921801245, -0.7857569358, -0.06856172047];
[-0.3815775752, -0.7781799645, -0.1007828579];
[-0.3670791911, -0.7678022695, -0.1305797153];
[-0.3490244654, -0.7548586716, -0.1572252985];
[-0.3278340078, -0.7396044052, -0.1800527702];
[-0.3040169456, -0.7223983808, -0.1984895668];
[-0.2781489859, -0.7036342169, -0.2120613448];
[-0.2508630571, -0.6837429888, -0.2204093362];
[-0.2228353098, -0.6631975958, -0.2233038333];
[-0.2228353098, -0.6631975958, 0.2233038333];
[-0.2429888282, -0.690768356, 0.2202294482];
[-0.2625770112, -0.7175183403, 0.2117381121];
[-0.2811218059, -0.7427763811, 0.1980603789];
[-0.2981780027, -0.7659808731, 0.1795686651];
[-0.3133385425, -0.7865686413, 0.1567321082];
[-0.3262499885, -0.8040900819, 0.130127881];
[-0.3366122684, -0.8181434791, 0.1004093478];
[-0.3441866905, -0.8284042102, 0.06829538347];
[-0.3488017516, -0.8346589443, 0.03455792024];
[-0.3503493607, -0.836739748, -8.259164716e-18];
[-0.3488017516, -0.8346589443, -0.03455792024];
[-0.3441866905, -0.8284042102, -0.06829538347];
[-0.3366122684, -0.8181434791, -0.1004093478];
[-0.3262499885, -0.8040900819, -0.130127881];
[-0.3133385425, -0.7865686413, -0.1567321082];
[-0.2981780027, -0.7659808731, -0.1795686651];
[-0.2811218059, -0.7427763811, -0.1980603789];
[-0.2625770112, -0.7175183403, -0.2117381121];
[-0.2429888282, -0.690768356, -0.2202294482];
[-0.2228353098, -0.6631975958, -0.2233038333];
[-0.2228353098, -0.6631975958, 0.2233038333];
[-0.2331578134, -0.6950962295, 0.2200834691];
[-0.2431754414, -0.7260397761, 0.2114689198];
[-0.2526468652, -0.7552948279, 0.1977101738];
[-0.2613496107, -0.7821835386, 0.1791767109];
[-0.2690788424, -0.8060429329, 0.1563355067];
[-0.2756575653, -0.8263625424, 0.1297633559];
[-0.2809346418, -0.842656871, 0.1001070678];
[-0.2847904353, -0.8545505446, 0.06807894512];
[-0.2871399608, -0.8618155779, 0.03444579762];
[-0.2879283884, -0.8642440351, -1.650544723e-17];
[-0.2871399608, -0.8618155779, -0.03444579762];
[-0.2847904353, -0.8545505446, -0.06807894512];
[-0.2809346418, -0.842656871, -0.1001070678];
[-0.2756575653, -0.8263625424, -0.1297633559];
[-0.2690788424, -0.8060429329, -0.1563355067];
[-0.2613496107, -0.7821835386, -0.1791767109];
[-0.2526468652, -0.7552948279, -0.1977101738];
[-0.2431754414, -0.7260397761, -0.2114689198];
[-0.2331578134, -0.6950962295, -0.2200834691];
[-0.2228353098, -0.6631975958, -0.2233038333];
[-0.2228353098, -0.6631975958, 0.2233038333];
[-0.2223307166, -0.6962847087, 0.2199772923];
[-0.221834788, -0.7283843522, 0.211277447];
[-0.2213611395, -0.7587425913, 0.197461092];
[-0.2209230038, -0.7866176717, 0.1788904994];
[-0.2205316873, -0.8113742632, 0.1560455845];
[-0.2201971875, -0.8324475494, 0.1294950213];
[-0.2199282399, -0.8493392992, 0.09988221247];
[-0.2197314722, -0.8616713094, 0.0679174884];
[-0.219610964, -0.8692125867, 0.03436234987];
[-0.2195704015, -0.871748978, -2.44976949e-17];
[-0.219610964, -0.8692125867, -0.03436234987];
[-0.2197314722, -0.8616713094, -0.0679174884];
[-0.2199282399, -0.8493392992, -0.09988221247];
[-0.2201971875, -0.8324475494, -0.1294950213];
[-0.2205316873, -0.8113742632, -0.1560455845];
[-0.2209230038, -0.7866176717, -0.1788904994];
[-0.2213611395, -0.7587425913, -0.197461092];
[-0.221834788, -0.7283843522, -0.211277447];
[-0.2223307166, -0.6962847087, -0.2199772923];
[-0.2228353098, -0.6631975958, -0.2233038333];
[-0.2228353098, -0.6631975958, 0.2233038333];
[-0.2115605462, -0.6942355231, 0.219925557];
[-0.2006210632, -0.7243259409, 0.2111773354];
[-0.1902812872, -0.7527561161, 0.1973188972];
[-0.1807840476, -0.7788702362, 0.1787265069];
[-0.1723534039, -0.8020273955, 0.1558704416];
[-0.1651801839, -0.8217380332, 0.1293272274];
[-0.1594284356, -0.8375365152, 0.09974005587];
[-0.1552274374, -0.849063578, 0.06781432359];
[-0.1526674934, -0.8561033414, 0.03430730392];
[-0.1518088685, -0.8584557846, -3.146690968e-17];
[-0.1526674934, -0.8561033414, -0.03430730392];
[-0.1552274374, -0.849063578, -0.06781432359];
[-0.1594284356, -0.8375365152, -0.09974005587];
[-0.1651801839, -0.8217380332, -0.1293272274];
[-0.1723534039, -0.8020273955, -0.1558704416];
[-0.1807840476, -0.7788702362, -0.1787265069];
[-0.1902812872, -0.7527561161, -0.1973188972];
[-0.2006210632, -0.7243259409, -0.2111773354];
[-0.2115605462, -0.6942355231, -0.219925557];
[-0.2228353098, -0.6631975958, -0.2233038333];
[-0.2228353098, -0.6631975958, 0.2233038333];
[-0.2018932174, -0.6891324305, 0.2199274138];
[-0.1815804068, -0.7142626518, 0.2111774873];
[-0.1623882102, -0.7379548697, 0.1973043109];
[-0.1447687428, -0.7596880441, 0.1786945957];
[-0.1291341498, -0.7789405194, 0.1558253123];
[-0.1158383922, -0.7953027054, 0.129274389];
[-0.1051806678, -0.8084107784, 0.09968897023];
[-0.09739795336, -0.8179714353, 0.06777480426];
[-0.09265889271, -0.8237958569, 0.03428509727];
[-0.09107078144, -0.8257317428, -3.675822766e-17];
[-0.09265889271, -0.8237958569, -0.03428509727];
[-0.09739795336, -0.8179714353, -0.06777480426];
[-0.1051806678, -0.8084107784, -0.09968897023];
[-0.1158383922, -0.7953027054, -0.129274389];
[-0.1291341498, -0.7789405194, -0.1558253123];
[-0.1447687428, -0.7596880441, -0.1786945957];
[-0.1623882102, -0.7379548697, -0.1973043109];
[-0.1815804068, -0.7142626518, -0.2111774873];
[-0.2018932174, -0.6891324305, -0.2199274138];
[-0.2228353098, -0.6631975958, -0.2233038333];
[-0.2228353098, -0.6631975958, 0.2233038333];
[-0.1942671223, -0.6814944385, 0.2199901343];
[-0.1665483267, -0.6991630249, 0.2112766721];
[-0.1403539667, -0.7157795346, 0.1974227603];
[-0.1163086965, -0.7309659073, 0.1788099769];
[-0.09497431321, -0.7443836915, 0.1559268136];
[-0.07684217121, -0.7557301778, 0.1293500907];
[-0.06231177536, -0.7648015827, 0.0997396882];
[-0.05170316025, -0.7714095094, 0.06780504688];
[-0.04524864825, -0.775416984, 0.03429849303];
[-0.04308396113, -0.7767514021, -3.987578723e-17];
[-0.04524864825, -0.775416984, -0.03429849303];
[-0.05170316025, -0.7714095094, -0.06780504688];
[-0.06231177536, -0.7648015827, -0.0997396882];
[-0.07684217121, -0.7557301778, -0.1293500907];
[-0.09497431321, -0.7443836915, -0.1559268136];
[-0.1163086965, -0.7309659073, -0.1788099769];
[-0.1403539667, -0.7157795346, -0.1974227603];
[-0.1665483267, -0.6991630249, -0.2112766721];
[-0.1942671223, -0.6814944385, -0.2199901343];
[-0.2228353098, -0.6631975958, -0.2233038333];
[-0.2228353098, -0.6631975958, 0.2233038333];
[-0.1894256738, -0.6720459003, 0.2201022542];
[-0.1569793242, -0.6805165829, 0.2114775347];
[-0.1262969543, -0.6884007883, 0.1976784503];
[-0.09812356787, -0.6955062255, 0.1790806521];
[-0.07312272003, -0.7017203438, 0.156184725];
[-0.05187416238, -0.7069149726, 0.129574117];
[-0.03485710546, -0.7110038983, 0.09991122639];
[-0.02243719221, -0.7139614586, 0.06791981731];
[-0.01488241759, -0.7157362791, 0.03435546624];
[-0.01234598999, -0.7163322993, -4.053812422e-17];
[-0.01488241759, -0.7157362791, -0.03435546624];
[-0.02243719221, -0.7139614586, -0.06791981731];
[-0.03485710546, -0.7110038983, -0.09991122639];
[-0.05187416238, -0.7069149726, -0.129574117];
[-0.07312272003, -0.7017203438, -0.156184725];
[-0.09812356787, -0.6955062255, -0.1790806521];
[-0.1262969543, -0.6884007883, -0.1976784503];
[-0.1569793242, -0.6805165829, -0.2114775347];
[-0.1894256738, -0.6720459003, -0.2201022542];
[-0.2228353098, -0.6631975958, -0.2233038333];
[-0.2228353098, -0.6631975958, 0.2233038333];
[-0.1878422368, -0.6617348499, 0.220263546];
[-0.1538115969, -0.6601442833, 0.2117686122];
[-0.1215924283, -0.658475445, 0.198060313];
[-0.0919793389, -0.6567807896, 0.1795099813];
[-0.0656889527, -0.6551195796, 0.1566086958];
[-0.04333785558, -0.653585395, 0.1299533614];
[-0.02543524098, -0.6522613266, 0.1002169412];
[-0.01236957848, -0.6512489217, 0.06813258704];
[-0.00442642808, -0.6505937092, 0.03446368972];
[-0.001759120269, -0.6503735529, -3.869096257e-17];
[-0.00442642808, -0.6505937092, -0.03446368972];
[-0.01236957848, -0.6512489217, -0.06813258704];
[-0.02543524098, -0.6522613266, -0.1002169412];
[-0.04333785558, -0.653585395, -0.1299533614];
[-0.0656889527, -0.6551195796, -0.1566086958];
[-0.0919793389, -0.6567807896, -0.1795099813];
[-0.1215924283, -0.658475445, -0.198060313];
[-0.1538115969, -0.6601442833, -0.2117686122];
[-0.1878422368, -0.6617348499, -0.220263546];
[-0.2228353098, -0.6631975958, -0.2233038333];
[-0.2486691708, 0.7513144395, 0.2482304292];
[-0.2099413408, 0.7529133547, 0.2454898131];
[-0.1720614841, 0.7546700759, 0.2367433747];
[-0.1359445355, 0.7565509652, 0.2221767281];
[-0.1024767052, 0.7584894808, 0.2021055433];
[-0.07249670283, 0.7603910547, 0.1769783032];
[-0.04677158589, 0.7621754724, 0.1473800197];
[-0.02598259217, 0.7637253749, 0.1140148498];
[-0.01069243388, 0.7649506858, 0.07770655092];
[-0.001343891829, 0.7657114672, 0.03936927218];
[0.001805054409, 0.7659792235, 2.596436673e-17];
[-0.001343891829, 0.7657114672, -0.03936927218];
[-0.01069243388, 0.7649506858, -0.07770655092];
[-0.02598259217, 0.7637253749, -0.1140148498];
[-0.04677158589, 0.7621754724, -0.1473800197];
[-0.07249670283, 0.7603910547, -0.1769783032];
[-0.1024767052, 0.7584894808, -0.2021055433];
[-0.1359445355, 0.7565509652, -0.2221767281];
[-0.1720614841, 0.7546700759, -0.2367433747];
[-0.2099413408, 0.7529133547, -0.2454898131];
[-0.2486691708, 0.7513144395, -0.2482304292];
[-0.2486691708, 0.7513144395, 0.2482304292];
[-0.2120003011, 0.7655148994, 0.2456899723];
[-0.1760755128, 0.7795943301, 0.2371165396];
[-0.1417757519, 0.7931933742, 0.2226722226];
[-0.1099590205, 0.8059314549, 0.2026594108];
[-0.08143219809, 0.8174985622, 0.1775385772];
[-0.0569438732, 0.8275274549, 0.1478899796];
[-0.03715445552, 0.8356905924, 0.1144287612];
[-0.02260227751, 0.8417513774, 0.07799498642];
[-0.01370313834, 0.8454649217, 0.0395172642];
[-0.01070681161, 0.8467228755, 3.107046037e-17];
[-0.01370313834, 0.8454649217, -0.0395172642];
[-0.02260227751, 0.8417513774, -0.07799498642];
[-0.03715445552, 0.8356905924, -0.1144287612];
[-0.0569438732, 0.8275274549, -0.1478899796];
[-0.08143219809, 0.8174985622, -0.1775385772];
[-0.1099590205, 0.8059314549, -0.2026594108];
[-0.1417757519, 0.7931933742, -0.2226722226];
[-0.1760755128, 0.7795943301, -0.2371165396];
[-0.2120003011, 0.7655148994, -0.2456899723];
[-0.2486691708, 0.7513144395, -0.2482304292];
[-0.2486691708, 0.7513144395, 0.2482304292];
[-0.2176618114, 0.7767542742, 0.2458443462];
[-0.187250522, 0.8017933533, 0.2373856349];
[-0.1581916483, 0.8258055987, 0.2230127409];
[-0.1312204296, 0.8481808953, 0.2030331081];
[-0.1070336025, 0.868322741, 0.177899805];
[-0.0862745379, 0.8856499611, 0.1482029555];
[-0.06949590105, 0.8997110589, 0.1146780356];
[-0.05716153202, 0.9100761218, 0.07816544327];
[-0.04962108051, 0.9164151234, 0.03960346761];
[-0.04708608893, 0.918536212, 3.843723745e-17];
[-0.04962108051, 0.9164151234, -0.03960346761];
[-0.05716153202, 0.9100761218, -0.07816544327];
[-0.06949590105, 0.8997110589, -0.1146780356];
[-0.0862745379, 0.8856499611, -0.1482029555];
[-0.1070336025, 0.868322741, -0.177899805];
[-0.1312204296, 0.8481808953, -0.2030331081];
[-0.1581916483, 0.8258055987, -0.2230127409];
[-0.187250522, 0.8017933533, -0.2373856349];
[-0.2176618114, 0.7767542742, -0.2458443462];
[-0.2486691708, 0.7513144395, -0.2482304292];
[-0.2486691708, 0.7513144395, 0.2482304292];
[-0.2263748078, 0.785494928, 0.2459290157];
[-0.2044973389, 0.8190872307, 0.2375353453];
[-0.1835867395, 0.8512042291, 0.2231911885];
[-0.1641759275, 0.8810695946, 0.2032173769];
[-0.1467729897, 0.9078625247, 0.1780639923];
[-0.1318361145, 0.9308946384, 0.1483407718];
[-0.1197687841, 0.9495254174, 0.1147807089];
[-0.1109023366, 0.963217435, 0.07823093088];
[-0.1054803704, 0.9716032503, 0.03963555098];
[-0.1036597167, 0.9743961126, 4.733047897e-17];
[-0.1054803704, 0.9716032503, -0.03963555098];
[-0.1109023366, 0.963217435, -0.07823093088];
[-0.1197687841, 0.9495254174, -0.1147807089];
[-0.1318361145, 0.9308946384, -0.1483407718];
[-0.1467729897, 0.9078625247, -0.1780639923];
[-0.1641759275, 0.8810695946, -0.2032173769];
[-0.1835867395, 0.8512042291, -0.2231911885];
[-0.2044973389, 0.8190872307, -0.2375353453];
[-0.2263748078, 0.785494928, -0.2459290157];
[-0.2486691708, 0.7513144395, -0.2482304292];
[-0.2486691708, 0.7513144395, 0.2482304292];
[-0.2372816052, 0.7909109904, 0.2459484655];
[-0.2261086436, 0.8297583063, 0.2375534259];
[-0.2154326929, 0.8668910635, 0.2232055764];
[-0.2055252063, 0.9013779128, 0.2032206053];
[-0.1966462191, 0.9322659426, 0.1780506602];
[-0.1890283914, 0.9587938081, 0.1483151382];
[-0.182877218, 0.9802143738, 0.1147487035];
[-0.1783598699, 0.9959312705, 0.07820090719];
[-0.1755971176, 1.005571527, 0.03961856074];
[-0.1746685912, 1.008797682, 5.685365762e-17];
[-0.1755971176, 1.005571527, -0.03961856074];
[-0.1783598699, 0.9959312705, -0.07820090719];
[-0.182877218, 0.9802143738, -0.1147487035];
[-0.1890283914, 0.9587938081, -0.1483151382];
[-0.1966462191, 0.9322659426, -0.1780506602];
[-0.2055252063, 0.9013779128, -0.2032206053];
[-0.2154326929, 0.8668910635, -0.2232055764];
[-0.2261086436, 0.8297583063, -0.2375534259];
[-0.2372816052, 0.7909109904, -0.2459484655];
[-0.2486691708, 0.7513144395, -0.2482304292];
[-0.2486691708, 0.7513144395, 0.2482304292];
[-0.2493050484, 0.7924445608, 0.2458936666];
[-0.2499352274, 0.8327853682, 0.2374506058];
[-0.2505422886, 0.8713431356, 0.2230677437];
[-0.2511085131, 0.9070960736, 0.2030502586];
[-0.2516182093, 0.9391360809, 0.1778716141];
[-0.252056961, 0.9666246707, 0.1481425811];
[-0.2524117754, 0.9888008251, 0.114598242];
[-0.2526725165, 1.005070032, 0.07808987752];
[-0.2528328054, 1.015059316, 0.03956071534];
[-0.2528868655, 1.018426277, 6.604521249e-17];
[-0.2528328054, 1.015059316, -0.03956071534];
[-0.2526725165, 1.005070032, -0.07808987752];
[-0.2524117754, 0.9888008251, -0.114598242];
[-0.252056961, 0.9666246707, -0.1481425811];
[-0.2516182093, 0.9391360809, -0.1778716141];
[-0.2511085131, 0.9070960736, -0.2030502586];
[-0.2505422886, 0.8713431356, -0.2230677437];
[-0.2499352274, 0.8327853682, -0.2374506058];
[-0.2493050484, 0.7924445608, -0.2458936666];
[-0.2486691708, 0.7513144395, -0.2482304292];
[-0.2486691708, 0.7513144395, 0.2482304292];
[-0.2612583905, 0.789971077, 0.2457780017];
[-0.2736073472, 0.827875961, 0.2372367078];
[-0.2854032139, 0.8640868281, 0.2227779013];
[-0.2963463016, 0.8976981659, 0.2027255311];
[-0.3061484275, 0.9277840654, 0.177536364];
[-0.3145555879, 0.9536096705, 0.1478304412];
[-0.3213416043, 0.9744538745, 0.1143391545];
[-0.3263231892, 0.9897419877, 0.07790471903];
[-0.3293701493, 0.9991175916, 0.03946325459];
[-0.3303936108, 1.002254249, 7.397351765e-17];
[-0.3293701493, 0.9991175916, -0.03946325459];
[-0.3263231892, 0.9897419877, -0.07790471903];
[-0.3213416043, 0.9744538745, -0.1143391545];
[-0.3145555879, 0.9536096705, -0.1478304412];
[-0.3061484275, 0.9277840654, -0.177536364];
[-0.2963463016, 0.8976981659, -0.2027255311];
[-0.2854032139, 0.8640868281, -0.2227779013];
[-0.2736073472, 0.827875961, -0.2372367078];
[-0.2612583905, 0.789971077, -0.2457780017];
[-0.2486691708, 0.7513144395, -0.2482304292];
[-0.2486691708, 0.7513144395, 0.2482304292];
[-0.2719632252, 0.7837098001, 0.2456032231];
[-0.294778665, 0.8155163863, 0.2369272571];
[-0.316545408, 0.8458885101, 0.2223663763];
[-0.3367174004, 0.8740965889, 0.2022583825];
[-0.3547744712, 0.899369902, 0.1770637209];
[-0.370252113, 0.9210702094, 0.1473947441];
[-0.3827423689, 0.9386061583, 0.1139790146];
[-0.3919111536, 0.9514821575, 0.07764983399];
[-0.3975148973, 0.959364128, 0.03933043939];
[-0.3993952, 0.9619870011, 7.984305008e-17];
[-0.3975148973, 0.959364128, -0.03933043939];
[-0.3919111536, 0.9514821575, -0.07764983399];
[-0.3827423689, 0.9386061583, -0.1139790146];
[-0.370252113, 0.9210702094, -0.1473947441];
[-0.3547744712, 0.899369902, -0.1770637209];
[-0.3367174004, 0.8740965889, -0.2022583825];
[-0.316545408, 0.8458885101, -0.2223663763];
[-0.294778665, 0.8155163863, -0.2369272571];
[-0.2719632252, 0.7837098001, -0.2456032231];
[-0.2486691708, 0.7513144395, -0.2482304292];
[-0.2486691708, 0.7513144395, 0.2482304292];
[-0.2803692555, 0.7743036213, 0.2453927348];
[-0.3113646489, 0.7969003097, 0.2365364768];
[-0.3408952537, 0.8185307445, 0.2218525748];
[-0.3682293056, 0.8386442786, 0.2016746798];
[-0.3926795755, 0.856709295, 0.1764734395];
[-0.4136167261, 0.8722137397, 0.1468460678];
[-0.4305072216, 0.8847716739, 0.1135224152];
[-0.4429052121, 0.8940142856, 0.07732471271];
[-0.4504762683, 0.8996591575, 0.0391610147];
[-0.4530197202, 0.9015453437, 8.306610176e-17];
[-0.4504762683, 0.8996591575, -0.0391610147];
[-0.4429052121, 0.8940142856, -0.07732471271];
[-0.4305072216, 0.8847716739, -0.1135224152];
[-0.4136167261, 0.8722137397, -0.1468460678];
[-0.3926795755, 0.856709295, -0.1764734395];
[-0.3682293056, 0.8386442786, -0.2016746798];
[-0.3408952537, 0.8185307445, -0.2218525748];
[-0.3113646489, 0.7969003097, -0.2365364768];
[-0.2803692555, 0.7743036213, -0.2453927348];
[-0.2486691708, 0.7513144395, -0.2482304292];
[-0.2486691708, 0.7513144395, 0.2482304292];
[-0.2856556316, 0.7626433466, 0.2451541752];
[-0.3217528277, 0.7738762364, 0.2360998033];
[-0.3560882956, 0.7847080105, 0.2212701273];
[-0.3878220663, 0.7948205924, 0.2010024944];
[-0.4161772263, 0.8039743167, 0.1757834132];
[-0.4404409367, 0.8118787143, 0.1462067112];
[-0.4599938829, 0.8182846227, 0.1129853252];
[-0.4743403616, 0.8230278931, 0.07693925547];
[-0.4830993692, 0.8259244897, 0.0389598009];
[-0.4860462221, 0.8269052948, 8.333241693e-17];
[-0.4830993692, 0.8259244897, -0.0389598009];
[-0.4743403616, 0.8230278931, -0.07693925547];
[-0.4599938829, 0.8182846227, -0.1129853252];
[-0.4404409367, 0.8118787143, -0.1462067112];
[-0.4161772263, 0.8039743167, -0.1757834132];
[-0.3878220663, 0.7948205924, -0.2010024944];
[-0.3560882956, 0.7847080105, -0.2212701273];
[-0.3217528277, 0.7738762364, -0.2360998033];
[-0.2856556316, 0.7626433466, -0.2451541752];
[-0.2486691708, 0.7513144395, -0.2482304292];
[-0.2486691708, 0.7513144395, 0.2482304292];
[-0.2873158555, 0.749905337, 0.2449206993];
[-0.3249576264, 0.7487003641, 0.2356523415];
[-0.3606964484, 0.7477153785, 0.2206562976];
[-0.393674172, 0.7469404769, 0.2002895942];
[-0.4230918661, 0.7463469431, 0.1750345122];
[-0.4482341458, 0.7459283595, 0.1454974178];
[-0.4684786023, 0.7456478008, 0.1123864684];
[-0.4833238869, 0.7454938904, 0.0765074301];
[-0.4923797758, 0.7453959741, 0.0387333305];
[-0.4954269159, 0.7453719172, 8.063723101e-17];
[-0.4923797758, 0.7453959741, -0.0387333305];
[-0.4833238869, 0.7454938904, -0.0765074301];
[-0.4684786023, 0.7456478008, -0.1123864684];
[-0.4482341458, 0.7459283595, -0.1454974178];
[-0.4230918661, 0.7463469431, -0.1750345122];
[-0.393674172, 0.7469404769, -0.2002895942];
[-0.3606964484, 0.7477153785, -0.2206562976];
[-0.3249576264, 0.7487003641, -0.2356523415];
[-0.2873158555, 0.749905337, -0.2449206993];
[-0.2486691708, 0.7513144395, -0.2482304292];
[-0.2486691708, 0.7513144395, 0.2482304292];
[-0.2851972934, 0.7373282135, 0.2447128632];
[-0.3207090652, 0.7238468818, 0.2352408328];
[-0.354362805, 0.7112189445, 0.2200800514];
[-0.3853570475, 0.6996852914, 0.1995969519];
[-0.4129573515, 0.689503803, 0.1742948505];
[-0.436510723, 0.6808964873, 0.1447866023];
[-0.4554495412, 0.6740227698, 0.1117763507];
[-0.4693200337, 0.6690259852, 0.07605987209];
[-0.4777780529, 0.6659832926, 0.03849741171];
[-0.4806249315, 0.6649761907, 7.528894479e-17];
[-0.4777780529, 0.6659832926, -0.03849741171];
[-0.4693200337, 0.6690259852, -0.07605987209];
[-0.4554495412, 0.6740227698, -0.1117763507];
[-0.436510723, 0.6808964873, -0.1447866023];
[-0.4129573515, 0.689503803, -0.1742948505];
[-0.3853570475, 0.6996852914, -0.1995969519];
[-0.354362805, 0.7112189445, -0.2200800514];
[-0.3207090652, 0.7238468818, -0.2352408328];
[-0.2851972934, 0.7373282135, -0.2447128632];
[-0.2486691708, 0.7513144395, -0.2482304292];
[-0.2486691708, 0.7513144395, 0.2482304292];
[-0.2795157567, 0.7261149059, 0.2445428986];
[-0.3094587375, 0.7017294978, 0.2349066623];
[-0.3377863661, 0.6787353648, 0.2195942632];
[-0.3638323929, 0.657667804, 0.199006412];
[-0.3869857281, 0.6389821552, 0.1736518023];
[-0.4067086542, 0.623102238, 0.1441530836];
[-0.4225442938, 0.6103825909, 0.111224022];
[-0.4341271759, 0.6011025094, 0.07565083129];
[-0.4411839363, 0.595446073, 0.03827963755];
[-0.4435551797, 0.5935488316, 6.78623489e-17];
[-0.4411839363, 0.595446073, -0.03827963755];
[-0.4341271759, 0.6011025094, -0.07565083129];
[-0.4225442938, 0.6103825909, -0.111224022];
[-0.4067086542, 0.623102238, -0.1441530836];
[-0.3869857281, 0.6389821552, -0.1736518023];
[-0.3638323929, 0.657667804, -0.199006412];
[-0.3377863661, 0.6787353648, -0.2195942632];
[-0.3094587375, 0.7017294978, -0.2349066623];
[-0.2795157567, 0.7261149059, -0.2445428986];
[-0.2486691708, 0.7513144395, -0.2482304292];
[-0.2486691708, 0.7513144395, 0.2482304292];
[-0.2708318248, 0.7173880044, 0.2444398226];
[-0.292325305, 0.6844992523, 0.2346911426];
[-0.3126376205, 0.6534518368, 0.2192763781];
[-0.3312919911, 0.6249575751, 0.1986050542];
[-0.3478546251, 0.5996660762, 0.1732043966];
[-0.3619466112, 0.5781509024, 0.1437056613];
[-0.3732497035, 0.5609032862, 0.1108273654];
[-0.3815069899, 0.548296308, 0.07535262199];
[-0.3865363883, 0.540620099, 0.03812002464];
[-0.3882237796, 0.5380366666, 5.912493202e-17];
[-0.3865363883, 0.540620099, -0.03812002464];
[-0.3815069899, 0.548296308, -0.07535262199];
[-0.3732497035, 0.5609032862, -0.1108273654];
[-0.3619466112, 0.5781509024, -0.1437056613];
[-0.3478546251, 0.5996660762, -0.1732043966];
[-0.3312919911, 0.6249575751, -0.1986050542];
[-0.3126376205, 0.6534518368, -0.2192763781];
[-0.292325305, 0.6844992523, -0.2346911426];
[-0.2708318248, 0.7173880044, -0.2444398226];
[-0.2486691708, 0.7513144395, -0.2482304292];
[-0.2486691708, 0.7513144395, 0.2482304292];
[-0.2599912026, 0.7119807504, 0.2444101301];
[-0.2709729636, 0.673840003, 0.2346285816];
[-0.2813521297, 0.6378005903, 0.2191740368];
[-0.2908876329, 0.6047235071, 0.1984719662];
[-0.2993570997, 0.5753540303, 0.1730508526];
[-0.3065677709, 0.5503686267, 0.1435484044];
[-0.3123538537, 0.5303216376, 0.110682902];
[-0.3165860423, 0.515676412, 0.07524268358];
[-0.3191660687, 0.506759595, 0.03806084732];
[-0.3200317046, 0.5037589762, 4.992525694e-17];
[-0.3191660687, 0.506759595, -0.03806084732];
[-0.3165860423, 0.515676412, -0.07524268358];
[-0.3123538537, 0.5303216376, -0.110682902];
[-0.3065677709, 0.5503686267, -0.1435484044];
[-0.2993570997, 0.5753540303, -0.1730508526];
[-0.2908876329, 0.6047235071, -0.1984719662];
[-0.2813521297, 0.6378005903, -0.2191740368];
[-0.2709729636, 0.673840003, -0.2346285816];
[-0.2599912026, 0.7119807504, -0.2444101301];
[-0.2486691708, 0.7513144395, -0.2482304292];
[-0.2486691708, 0.7513144395, 0.2482304292];
[-0.2480459432, 0.7104400237, 0.2444645444];
[-0.2474523371, 0.6707840513, 0.2347296918];
[-0.2469051605, 0.6333143969, 0.2193178756];
[-0.2464191033, 0.5989148061, 0.1986449594];
[-0.2460057783, 0.5683694292, 0.1732372689];
[-0.2456731434, 0.5423907523, 0.1437332094];
[-0.2454236486, 0.5215618002, 0.1108480832];
[-0.2452541576, 0.5063463274, 0.07536764705];
[-0.2451574972, 0.4970793017, 0.03812756147];
[-0.2451263338, 0.4939677926, 4.109953196e-17];
[-0.2451574972, 0.4970793017, -0.03812756147];
[-0.2452541576, 0.5063463274, -0.07536764705];
[-0.2454236486, 0.5215618002, -0.1108480832];
[-0.2456731434, 0.5423907523, -0.1437332094];
[-0.2460057783, 0.5683694292, -0.1732372689];
[-0.2464191033, 0.5989148061, -0.1986449594];
[-0.2469051605, 0.6333143969, -0.2193178756];
[-0.2474523371, 0.6707840513, -0.2347296918];
[-0.2480459432, 0.7104400237, -0.2444645444];
[-0.2486691708, 0.7513144395, -0.2482304292];
[-0.2486691708, 0.7513144395, 0.2482304292];
[-0.23615295, 0.7128985047, 0.2445915077];
[-0.2240158852, 0.6756370453, 0.2349872803];
[-0.2125517189, 0.6404255643, 0.2196900697];
[-0.2020313796, 0.6081138381, 0.1991087046];
[-0.1927022658, 0.5794367668, 0.1737554737];
[-0.1847774432, 0.5550584704, 0.1442536145];
[-0.1784351431, 0.5355173548, 0.1113117226];
[-0.1738097167, 0.5212570568, 0.07571753368];
[-0.1709972359, 0.51258277, 0.03831694241];
[-0.1700547121, 0.5096651983, 3.342454882e-17];
[-0.1709972359, 0.51258277, -0.03831694241];
[-0.1738097167, 0.5212570568, -0.07571753368];
[-0.1784351431, 0.5355173548, -0.1113117226];
[-0.1847774432, 0.5550584704, -0.1442536145];
[-0.1927022658, 0.5794367668, -0.1737554737];
[-0.2020313796, 0.6081138381, -0.1991087046];
[-0.2125517189, 0.6404255643, -0.2196900697];
[-0.2240158852, 0.6756370453, -0.2349872803];
[-0.23615295, 0.7128985047, -0.2445915077];
[-0.2486691708, 0.7513144395, -0.2482304292];
[-0.2486691708, 0.7513144395, 0.2482304292];
[-0.2254673984, 0.7191372283, 0.2447832543];
[-0.2029195324, 0.6879326038, 0.2353672775];
[-0.1815661161, 0.6584800163, 0.2202446361];
[-0.161913083, 0.631469789, 0.1997945233];
[-0.1444249437, 0.6075291722, 0.1745148317];
[-0.1295123194, 0.5872050762, 0.1450115598];
[-0.1175256335, 0.5709543475, 0.1119872305];
[-0.1087520153, 0.5591078871, 0.07622564723];
[-0.1034004286, 0.5519117275, 0.03858985071];
[-0.1016032255, 0.5494927093, 2.759597116e-17];
[-0.1034004286, 0.5519117275, -0.03858985071];
[-0.1087520153, 0.5591078871, -0.07622564723];
[-0.1175256335, 0.5709543475, -0.1119872305];
[-0.1295123194, 0.5872050762, -0.1450115598];
[-0.1444249437, 0.6075291722, -0.1745148317];
[-0.161913083, 0.631469789, -0.1997945233];
[-0.1815661161, 0.6584800163, -0.2202446361];
[-0.2029195324, 0.6879326038, -0.2353672775];
[-0.2254673984, 0.7191372283, -0.2447832543];
[-0.2486691708, 0.7513144395, -0.2482304292];
[-0.2486691708, 0.7513144395, 0.2482304292];
[-0.2170326964, 0.7285298429, 0.2450122058];
[-0.1862191577, 0.7064857119, 0.2358240071];
[-0.1569643687, 0.6857258837, 0.2208984832];
[-0.1299652595, 0.6667526517, 0.2005966827];
[-0.1058698028, 0.6499846631, 0.1753904035];
[-0.08526126006, 0.6358011891, 0.1458723064];
[-0.06864912861, 0.6245022439, 0.1127398486];
[-0.05645539071, 0.6163040728, 0.07678471549];
[-0.04900579142, 0.6113284226, 0.03888726339];
[-0.04649888262, 0.6096640367, 2.419323188e-17];
[-0.04900579142, 0.6113284226, -0.03888726339];
[-0.05645539071, 0.6163040728, -0.07678471549];
[-0.06864912861, 0.6245022439, -0.1127398486];
[-0.08526126006, 0.6358011891, -0.1458723064];
[-0.1058698028, 0.6499846631, -0.1753904035];
[-0.1299652595, 0.6667526517, -0.2005966827];
[-0.1569643687, 0.6857258837, -0.2208984832];
[-0.1862191577, 0.7064857119, -0.2358240071];
[-0.2170326964, 0.7285298429, -0.2450122058];
[-0.2486691708, 0.7513144395, -0.2482304292];
[-0.2486691708, 0.7513144395, 0.2482304292];
[-0.2116793071, 0.7401777516, 0.2452596056];
[-0.1755713919, 0.7294807363, 0.2362997792];
[-0.1412092507, 0.71953003, 0.221571421];
[-0.1094241955, 0.7105210046, 0.2013976642];
[-0.08099333395, 0.7026591991, 0.1762437639];
[-0.0566238674, 0.696104155, 0.1466944685];
[-0.0369464196, 0.6909435445, 0.1134426746];
[-0.02248276324, 0.6872446556, 0.07729656413];
[-0.01363865962, 0.6850144128, 0.03915665431];
[-0.01065802684, 0.6842846712, 2.360849084e-17];
[-0.01363865962, 0.6850144128, -0.03915665431];
[-0.02248276324, 0.6872446556, -0.07729656413];
[-0.0369464196, 0.6909435445, -0.1134426746];
[-0.0566238674, 0.696104155, -0.1466944685];
[-0.08099333395, 0.7026591991, -0.1762437639];
[-0.1094241955, 0.7105210046, -0.2013976642];
[-0.1412092507, 0.71953003, -0.221571421];
[-0.1755713919, 0.7294807363, -0.2362997792];
[-0.2116793071, 0.7401777516, -0.2452596056];
[-0.2486691708, 0.7513144395, -0.2482304292];
[-0.2486691708, 0.7513144395, 0.2482304292];
[-0.2099413408, 0.7529133547, 0.2454898131];
[-0.1720614841, 0.7546700759, 0.2367433747];
[-0.1359445355, 0.7565509652, 0.2221767281];
[-0.1024767052, 0.7584894808, 0.2021055433];
[-0.07249670283, 0.7603910547, 0.1769783032];
[-0.04677158589, 0.7621754724, 0.1473800197];
[-0.02598259217, 0.7637253749, 0.1140148498];
[-0.01069243388, 0.7649506858, 0.07770655092];
[-0.001343891829, 0.7657114672, 0.03936927218];
[0.001805054409, 0.7659792235, 2.596436673e-17];
[-0.001343891829, 0.7657114672, -0.03936927218];
[-0.01069243388, 0.7649506858, -0.07770655092];
[-0.02598259217, 0.7637253749, -0.1140148498];
[-0.04677158589, 0.7621754724, -0.1473800197];
[-0.07249670283, 0.7603910547, -0.1769783032];
[-0.1024767052, 0.7584894808, -0.2021055433];
[-0.1359445355, 0.7565509652, -0.2221767281];
[-0.1720614841, 0.7546700759, -0.2367433747];
[-0.2099413408, 0.7529133547, -0.2454898131];
[-0.2486691708, 0.7513144395, -0.2482304292];
[-1.059133585, -1.057602652, 0.2100790168];
[-1.028431497, -1.060058698, 0.2080775864];
[-0.9982548949, -1.062377632, 0.2008965785];
[-0.9692077524, -1.064258793, 0.1886326626];
[-0.9422961745, -1.066021727, 0.1716322356];
[-0.9181138389, -1.067461931, 0.1502720235];
[-0.8973569209, -1.06863466, 0.125092468];
[-0.880593809, -1.069547685, 0.09672594646];
[-0.8682375697, -1.070123314, 0.06588672646];
[-0.8607185376, -1.070522131, 0.03337031305];
[-0.8581953278, -1.070666659, 3.781239977e-17];
[-0.8607185376, -1.070522131, -0.03337031305];
[-0.8682375697, -1.070123314, -0.06588672646];
[-0.880593809, -1.069547685, -0.09672594646];
[-0.8973569209, -1.06863466, -0.125092468];
[-0.9181138389, -1.067461931, -0.1502720235];
[-0.9422961745, -1.066021727, -0.1716322356];
[-0.9692077524, -1.064258793, -0.1886326626];
[-0.9982548949, -1.062377632, -0.2008965785];
[-1.028431497, -1.060058698, -0.2080775864];
[-1.059133585, -1.057602652, -0.2100790168];
[-1.059133585, -1.057602652, 0.2100790168];
[-1.030552358, -1.050334534, 0.2081634207];
[-1.002429288, -1.043109564, 0.2010588071];
[-0.975421441, -1.036022435, 0.1888834111];
[-0.950355462, -1.029436385, 0.1719382518];
[-0.9278209325, -1.023426313, 0.1506051724];
[-0.9084798087, -1.018245855, 0.1254197035];
[-0.892815483, -1.01398277, 0.09700565428];
[-0.8813249582, -1.01086901, 0.06609728581];
[-0.8743235921, -1.008998782, 0.03348272346];
[-0.8719425442, -1.00832697, 4.22137387e-17];
[-0.8743235921, -1.008998782, -0.03348272346];
[-0.8813249582, -1.01086901, -0.06609728581];
[-0.892815483, -1.01398277, -0.09700565428];
[-0.9084798087, -1.018245855, -0.1254197035];
[-0.9278209325, -1.023426313, -0.1506051724];
[-0.950355462, -1.029436385, -0.1719382518];
[-0.975421441, -1.036022435, -0.1888834111];
[-1.002429288, -1.043109564, -0.2010588071];
[-1.030552358, -1.050334534, -0.2081634207];
[-1.059133585, -1.057602652, -0.2100790168];
[-1.059133585, -1.057602652, 0.2100790168];
[-1.035520847, -1.041373432, 0.2081937607];
[-1.01216499, -1.025208278, 0.2010894169];
[-0.9898710947, -1.009798873, 0.1889536955];
[-0.9691188043, -0.9954155261, 0.1720255562];
[-0.950500413, -0.9824980104, 0.150711468];
[-0.934491465, -0.9713643388, 0.1255264892];
[-0.9215642468, -0.9623731649, 0.09710721023];
[-0.9120671763, -0.9557647211, 0.0661744129];
[-0.9062564598, -0.9517182133, 0.03352312282];
[-0.9042992866, -0.9503523223, 4.849671282e-17];
[-0.9062564598, -0.9517182133, -0.03352312282];
[-0.9120671763, -0.9557647211, -0.0661744129];
[-0.9215642468, -0.9623731649, -0.09710721023];
[-0.934491465, -0.9713643388, -0.1255264892];
[-0.950500413, -0.9824980104, -0.150711468];
[-0.9691188043, -0.9954155261, -0.1720255562];
[-0.9898710947, -1.009798873, -0.1889536955];
[-1.01216499, -1.025208278, -0.2010894169];
[-1.035520847, -1.041373432, -0.2081937607];
[-1.059133585, -1.057602652, -0.2100790168];
[-1.059133585, -1.057602652, 0.2100790168];
[-1.042693475, -1.033855617, 0.2081247909];
[-1.026499683, -1.01047226, 0.2009867006];
[-1.01107258, -0.9881886002, 0.1888275022];
[-0.9966335887, -0.9673475357, 0.1718708995];
[-0.9837137275, -0.9486959998, 0.1505516201];
[-0.9726341569, -0.9326999113, 0.1253827488];
[-0.9636620601, -0.9197495287, 0.09698601652];
[-0.957057485, -0.9102193656, 0.06608527188];
[-0.9530154183, -0.9043872412, 0.03347578054];
[-0.9516614964, -0.9024328796, 5.599637726e-17];
[-0.9530154183, -0.9043872412, -0.03347578054];
[-0.957057485, -0.9102193656, -0.06608527188];
[-0.9636620601, -0.9197495287, -0.09698601652];
[-0.9726341569, -0.9326999113, -0.1253827488];
[-0.9837137275, -0.9486959998, -0.1505516201];
[-0.9966335887, -0.9673475357, -0.1718708995];
[-1.01107258, -0.9881886002, -0.1888275022];
[-1.026499683, -1.01047226, -0.2009867006];
[-1.042693475, -1.033855617, -0.2081247909];
[-1.059133585, -1.057602652, -0.2100790168];
[-1.059133585, -1.057602652, 0.2100790168];
[-1.051499855, -1.028710622, 0.2080012192];
[-1.043989807, -1.000354281, 0.2007582619];
[-1.036714199, -0.9731528468, 0.1884782501];
[-1.030030257, -0.9480142032, 0.1714798018];
[-1.023944277, -0.9253832507, 0.1501286253];
[-1.018713388, -0.905973061, 0.1249701386];
[-1.014431548, -0.8902417232, 0.0966244918];
[-1.01128484, -0.8786916153, 0.0658190245];
[-1.009375884, -0.8716528787, 0.03333598378];
[-1.00872322, -0.8692735148, 6.390317468e-17];
[-1.009375884, -0.8716528787, -0.03333598378];
[-1.01128484, -0.8786916153, -0.0658190245];
[-1.014431548, -0.8902417232, -0.0966244918];
[-1.018713388, -0.905973061, -0.1249701386];
[-1.023944277, -0.9253832507, -0.1501286253];
[-1.030030257, -0.9480142032, -0.1714798018];
[-1.036714199, -0.9731528468, -0.1884782501];
[-1.043989807, -1.000354281, -0.2007582619];
[-1.051499855, -1.028710622, -0.2080012192];
[-1.059133585, -1.057602652, -0.2100790168];
[-1.059133585, -1.057602652, 0.2100790168];
[-1.061028305, -1.026387996, 0.2078242399];
[-1.062800475, -0.9957405293, 0.2004071507];
[-1.06441249, -0.9664448311, 0.1879956203];
[-1.065806983, -0.939223936, 0.1708781446];
[-1.066966242, -0.9147961664, 0.1494787285];
[-1.067897762, -0.8938319985, 0.1243345384];
[-1.068533309, -0.8768202151, 0.09606827654];
[-1.068951341, -0.8642996533, 0.06540484216];
[-1.069235879, -0.8566901719, 0.03311535163];
[-1.069335114, -0.8541350865, 7.138001125e-17];
[-1.069235879, -0.8566901719, -0.03311535163];
[-1.068951341, -0.8642996533, -0.06540484216];
[-1.068533309, -0.8768202151, -0.09606827654];
[-1.067897762, -0.8938319985, -0.1243345384];
[-1.066966242, -0.9147961664, -0.1494787285];
[-1.065806983, -0.939223936, -0.1708781446];
[-1.06441249, -0.9664448311, -0.1879956203];
[-1.062800475, -0.9957405293, -0.2004071507];
[-1.061028305, -1.026387996, -0.2078242399];
[-1.059133585, -1.057602652, -0.2100790168];
[-1.059133585, -1.057602652, 0.2100790168];
[-1.070331062, -1.027099122, 0.2076092002];
[-1.08116321, -0.9971857753, 0.1999936864];
[-1.091283195, -0.9685290117, 0.1874009678];
[-1.100530414, -0.9419611081, 0.170164968];
[-1.108563259, -0.9180296205, 0.1486987185];
[-1.115314898, -0.8974846732, 0.1235691402];
[-1.120653537, -0.8808693045, 0.09540839511];
[-1.124448196, -0.8685928678, 0.064916391];
[-1.126716893, -0.8610635954, 0.03285333491];
[-1.127493315, -0.8585481193, 7.768509065e-17];
[-1.126716893, -0.8610635954, -0.03285333491];
[-1.124448196, -0.8685928678, -0.064916391];
[-1.120653537, -0.8808693045, -0.09540839511];
[-1.115314898, -0.8974846732, -0.1235691402];
[-1.108563259, -0.9180296205, -0.1486987185];
[-1.100530414, -0.9419611081, -0.170164968];
[-1.091283195, -0.9685290117, -0.1874009678];
[-1.08116321, -0.9971857753, -0.1999936864];
[-1.070331062, -1.027099122, -0.2076092002];
[-1.059133585, -1.057602652, -0.2100790168];
[-1.059133585, -1.057602652, 0.2100790168];
[-1.07854779, -1.030829651, 0.2073912851];
[-1.097292622, -1.004529923, 0.1995626489];
[-1.114806543, -0.9792632365, 0.186781468];
[-1.130836642, -0.9558719174, 0.1694222065];
[-1.144824225, -0.9347521973, 0.1478996454];
[-1.156597844, -0.9166029495, 0.1227948063];
[-1.165906132, -0.9018895921, 0.09473664729];
[-1.172652786, -0.8910769167, 0.06442689035];
[-1.176720626, -0.8844496607, 0.03259553704];
[-1.178060486, -0.8821988243, 8.225641528e-17];
[-1.176720626, -0.8844496607, -0.03259553704];
[-1.172652786, -0.8910769167, -0.06442689035];
[-1.165906132, -0.9018895921, -0.09473664729];
[-1.156597844, -0.9166029495, -0.1227948063];
[-1.144824225, -0.9347521973, -0.1478996454];
[-1.130836642, -0.9558719174, -0.1694222065];
[-1.114806543, -0.9792632365, -0.186781468];
[-1.097292622, -1.004529923, -0.1995626489];
[-1.07854779, -1.030829651, -0.2073912851];
[-1.059133585, -1.057602652, -0.2100790168];
[-1.059133585, -1.057602652, 0.2100790168];
[-1.08479104, -1.037095428, 0.20716859];
[-1.109624028, -1.017015326, 0.1991544457];
[-1.132825463, -0.997635777, 0.1862197885];
[-1.153987725, -0.9796276429, 0.1687507935];
[-1.172540339, -0.9633640737, 0.1471942971];
[-1.188111153, -0.9493040667, 0.122116824];
[-1.200471462, -0.9379094956, 0.09415885713];
[-1.209448876, -0.9295400042, 0.06400781798];
[-1.214873583, -0.9244057259, 0.03237609272];
[-1.216667388, -0.9226559245, 8.471823975e-17];
[-1.214873583, -0.9244057259, -0.03237609272];
[-1.209448876, -0.9295400042, -0.06400781798];
[-1.200471462, -0.9379094956, -0.09415885713];
[-1.188111153, -0.9493040667, -0.122116824];
[-1.172540339, -0.9633640737, -0.1471942971];
[-1.153987725, -0.9796276429, -0.1687507935];
[-1.132825463, -0.997635777, -0.1862197885];
[-1.109624028, -1.017015326, -0.1991544457];
[-1.08479104, -1.037095428, -0.20716859];
[-1.059133585, -1.057602652, -0.2100790168];
[-1.059133585, -1.057602652, 0.2100790168];
[-1.088601456, -1.045457477, 0.2069990878];
[-1.117030246, -1.033452946, 0.1988195162];
[-1.143603444, -1.02175041, 0.1857572412];
[-1.16782547, -1.010813502, 0.1682085534];
[-1.189204719, -1.000988898, 0.1466487947];
[-1.207169819, -0.9924173852, 0.1216130211];
[-1.221430221, -0.9854160828, 0.09373906104];
[-1.231767948, -0.9802355906, 0.06370574651];
[-1.238085931, -0.9771114288, 0.03221990424];
[-1.240154031, -0.9760104245, 8.489518693e-17];
[-1.238085931, -0.9771114288, -0.03221990424];
[-1.231767948, -0.9802355906, -0.06370574651];
[-1.221430221, -0.9854160828, -0.09373906104];
[-1.207169819, -0.9924173852, -0.1216130211];
[-1.189204719, -1.000988898, -0.1466487947];
[-1.16782547, -1.010813502, -0.1682085534];
[-1.143603444, -1.02175041, -0.1857572412];
[-1.117030246, -1.033452946, -0.1988195162];
[-1.088601456, -1.045457477, -0.2069990878];
[-1.059133585, -1.057602652, -0.2100790168];
[-1.059133585, -1.057602652, 0.2100790168];
[-1.089517871, -1.054977447, 0.2068748631];
[-1.118701264, -1.052092848, 0.1985618819];
[-1.146236892, -1.049346974, 0.1854546453];
[-1.171314706, -1.046616849, 0.16788064];
[-1.193304493, -1.043919522, 0.1463002079];
[-1.211927525, -1.041567946, 0.1212999768];
[-1.226784106, -1.0396243, 0.09349034412];
[-1.237538019, -1.038112598, 0.06353144522];
[-1.24403536, -1.037145374, 0.03212831342];
[-1.246271243, -1.036879078, 8.278436474e-17];
[-1.24403536, -1.037145374, -0.03212831342];
[-1.237538019, -1.038112598, -0.06353144522];
[-1.226784106, -1.0396243, -0.09349034412];
[-1.211927525, -1.041567946, -0.1212999768];
[-1.193304493, -1.043919522, -0.1463002079];
[-1.171314706, -1.046616849, -0.16788064];
[-1.146236892, -1.049346974, -0.1854546453];
[-1.118701264, -1.052092848, -0.1985618819];
[-1.089517871, -1.054977447, -0.2068748631];
[-1.059133585, -1.057602652, -0.2100790168];
[-1.059133585, -1.057602652, 0.2100790168];
[-1.087381761, -1.064633693, 0.2067897816];
[-1.114709114, -1.071393964, 0.1984545029];
[-1.140385322, -1.077631304, 0.1853113613];
[-1.163789639, -1.083180693, 0.1677223961];
[-1.184503798, -1.088063263, 0.1461741658];
[-1.202028047, -1.09212605, 0.1212015274];
[-1.215879869, -1.095172135, 0.09340530504];
[-1.226073203, -1.097492581, 0.06348049403];
[-1.232298821, -1.098930958, 0.03210682604];
[-1.234342035, -1.099361328, 7.857984117e-17];
[-1.232298821, -1.098930958, -0.03210682604];
[-1.226073203, -1.097492581, -0.06348049403];
[-1.215879869, -1.095172135, -0.09340530504];
[-1.202028047, -1.09212605, -0.1212015274];
[-1.184503798, -1.088063263, -0.1461741658];
[-1.163789639, -1.083180693, -0.1677223961];
[-1.140385322, -1.077631304, -0.1853113613];
[-1.114709114, -1.071393964, -0.1984545029];
[-1.087381761, -1.064633693, -0.2067897816];
[-1.059133585, -1.057602652, -0.2100790168];
[-1.059133585, -1.057602652, 0.2100790168];
[-1.08261496, -1.073757775, 0.206803237];
[-1.105279104, -1.089298276, 0.1984695305];
[-1.126548037, -1.103810602, 0.1853250111];
[-1.146081804, -1.117154562, 0.1677658153];
[-1.163348094, -1.12891873, 0.1462319669];
[-1.177974568, -1.138858856, 0.1212676854];
[-1.18962486, -1.14674091, 0.09347848731];
[-1.198222848, -1.152608295, 0.06354200913];
[-1.203388063, -1.156097009, 0.03213833487];
[-1.205113885, -1.157258926, 7.265090462e-17];
[-1.203388063, -1.156097009, -0.03213833487];
[-1.198222848, -1.152608295, -0.06354200913];
[-1.18962486, -1.14674091, -0.09347848731];
[-1.177974568, -1.138858856, -0.1212676854];
[-1.163348094, -1.12891873, -0.1462319669];
[-1.146081804, -1.117154562, -0.1677658153];
[-1.126548037, -1.103810602, -0.1853250111];
[-1.105279104, -1.089298276, -0.1984695305];
[-1.08261496, -1.073757775, -0.206803237];
[-1.059133585, -1.057602652, -0.2100790168];
[-1.059133585, -1.057602652, 0.2100790168];
[-1.075444395, -1.081166157, 0.2068570038];
[-1.091237071, -1.103981938, 0.1985863133];
[-1.106097851, -1.12545834, 0.1855060507];
[-1.119719097, -1.145146007, 0.1679808016];
[-1.131813562, -1.162623281, 0.146468853];
[-1.142041332, -1.177411769, 0.1214976455];
[-1.150242947, -1.189268705, 0.09368302746];
[-1.156216807, -1.197907658, 0.06368759783];
[-1.159933237, -1.203272357, 0.03221904009];
[-1.16110209, -1.204968753, 6.553569705e-17];
[-1.159933237, -1.203272357, -0.03221904009];
[-1.156216807, -1.197907658, -0.06368759783];
[-1.150242947, -1.189268705, -0.09368302746];
[-1.142041332, -1.177411769, -0.1214976455];
[-1.131813562, -1.162623281, -0.146468853];
[-1.119719097, -1.145146007, -0.1679808016];
[-1.106097851, -1.12545834, -0.1855060507];
[-1.091237071, -1.103981938, -0.1985863133];
[-1.075444395, -1.081166157, -0.2068570038];
[-1.059133585, -1.057602652, -0.2100790168];
[-1.059133585, -1.057602652, 0.2100790168];
[-1.066732814, -1.086354381, 0.2069868398];
[-1.07397372, -1.114078371, 0.1988047424];
[-1.080881098, -1.140373261, 0.185817932];
[-1.087189441, -1.164477919, 0.1683491638];
[-1.092769751, -1.185852935, 0.14685153];
[-1.097555979, -1.204095559, 0.1218702068];
[-1.101250802, -1.218520938, 0.09398843543];
[-1.104081433, -1.229249156, 0.06391513395];
[-1.105770963, -1.235731993, 0.03233678857];
[-1.106302444, -1.23785738, 5.789394734e-17];
[-1.105770963, -1.235731993, -0.03233678857];
[-1.104081433, -1.229249156, -0.06391513395];
[-1.101250802, -1.218520938, -0.09398843543];
[-1.097555979, -1.204095559, -0.1218702068];
[-1.092769751, -1.185852935, -0.14685153];
[-1.087189441, -1.164477919, -0.1683491638];
[-1.080881098, -1.140373261, -0.185817932];
[-1.07397372, -1.114078371, -0.1988047424];
[-1.066732814, -1.086354381, -0.2069868398];
[-1.059133585, -1.057602652, -0.2100790168];
[-1.059133585, -1.057602652, 0.2100790168];
[-1.057157603, -1.08859703, 0.2071388964];
[-1.055175154, -1.118636809, 0.1991100895];
[-1.053304776, -1.147089471, 0.1862327299];
[-1.051511302, -1.173156739, 0.1688240121];
[-1.049909607, -1.196322082, 0.1473455316];
[-1.048500874, -1.215984775, 0.1223247329];
[-1.047421413, -1.231846825, 0.09438904947];
[-1.046542963, -1.243305862, 0.06419447747];
[-1.046069193, -1.250383259, 0.03248382256];
[-1.045861202, -1.252683174, 5.045109613e-17];
[-1.046069193, -1.250383259, -0.03248382256];
[-1.046542963, -1.243305862, -0.06419447747];
[-1.047421413, -1.231846825, -0.09438904947];
[-1.048500874, -1.215984775, -0.1223247329];
[-1.049909607, -1.196322082, -0.1473455316];
[-1.051511302, -1.173156739, -0.1688240121];
[-1.053304776, -1.147089471, -0.1862327299];
[-1.055175154, -1.118636809, -0.1991100895];
[-1.057157603, -1.08859703, -0.2071388964];
[-1.059133585, -1.057602652, -0.2100790168];
[-1.059133585, -1.057602652, 0.2100790168];
[-1.047840324, -1.087919328, 0.2073467349];
[-1.036714802, -1.117267296, 0.1994879572];
[-1.026063233, -1.144957782, 0.186718461];
[-1.01623338, -1.17043856, 0.1693872354];
[-1.007444091, -1.193064134, 0.1479255843];
[-0.9998957036, -1.212270978, 0.1228670813];
[-0.9938394802, -1.227714625, 0.09483999383];
[-0.9893733214, -1.238953843, 0.06452237033];
[-0.986661538, -1.245821332, 0.03265347924];
[-0.9857775269, -1.248174913, 4.39345162e-17];
[-0.986661538, -1.245821332, -0.03265347924];
[-0.9893733214, -1.238953843, -0.06452237033];
[-0.9938394802, -1.227714625, -0.09483999383];
[-0.9998957036, -1.212270978, -0.1228670813];
[-1.007444091, -1.193064134, -0.1479255843];
[-1.01623338, -1.17043856, -0.1693872354];
[-1.026063233, -1.144957782, -0.186718461];
[-1.036714802, -1.117267296, -0.1994879572];
[-1.047840324, -1.087919328, -0.2073467349];
[-1.059133585, -1.057602652, -0.2100790168];
[-1.059133585, -1.057602652, 0.2100790168];
[-1.039525673, -1.084158164, 0.2075478209];
[-1.020305216, -1.109946546, 0.1998794978];
[-1.001870469, -1.134201707, 0.187243054];
[-0.9848402381, -1.15654869, 0.1699949786];
[-0.9695997086, -1.176381893, 0.148554756];
[-0.9565103373, -1.193184538, 0.1234550294];
[-0.945946458, -1.206629945, 0.09532848489];
[-0.9382397568, -1.216521139, 0.06487711344];
[-0.9334906122, -1.222464661, 0.03283788911];
[-0.9319493054, -1.224559916, 3.899684687e-17];
[-0.9334906122, -1.222464661, -0.03283788911];
[-0.9382397568, -1.216521139, -0.06487711344];
[-0.945946458, -1.206629945, -0.09532848489];
[-0.9565103373, -1.193184538, -0.1234550294];
[-0.9695997086, -1.176381893, -0.148554756];
[-0.9848402381, -1.15654869, -0.1699949786];
[-1.001870469, -1.134201707, -0.187243054];
[-1.020305216, -1.109946546, -0.1998794978];
[-1.039525673, -1.084158164, -0.2075478209];
[-1.059133585, -1.057602652, -0.2100790168];
[-1.059133585, -1.057602652, 0.2100790168];
[-1.033192399, -1.077890282, 0.2077635927];
[-1.007641445, -1.0974633, 0.200263873];
[-0.9831645708, -1.115864167, 0.1877644553];
[-0.9605469042, -1.132878964, 0.1706089903];
[-0.9401930742, -1.147815717, 0.149180892];
[-0.9227903744, -1.1605734, 0.1240508052];
[-0.9087514555, -1.170791065, 0.09583651976];
[-0.8984316973, -1.178217287, 0.0652405123];
[-0.892109866, -1.18270227, 0.033028039];
[-0.8899865172, -1.184212252, 3.615599682e-17];
[-0.892109866, -1.18270227, -0.033028039];
[-0.8984316973, -1.178217287, -0.0652405123];
[-0.9087514555, -1.170791065, -0.09583651976];
[-0.9227903744, -1.1605734, -0.1240508052];
[-0.9401930742, -1.147815717, -0.149180892];
[-0.9605469042, -1.132878964, -0.1706089903];
[-0.9831645708, -1.115864167, -0.1877644553];
[-1.007641445, -1.0974633, -0.200263873];
[-1.033192399, -1.077890282, -0.2077635927];
[-1.059133585, -1.057602652, -0.2100790168];
[-1.059133585, -1.057602652, 0.2100790168];
[-1.029325249, -1.069529885, 0.2079350734];
[-1.000013577, -1.081046433, 0.200609775];
[-0.9719303867, -1.09183547, 0.1882557994];
[-0.9458216856, -1.101653496, 0.1711683039];
[-0.9224296841, -1.110356043, 0.1497814484];
[-0.9023418202, -1.11769133, 0.1246174247];
[-0.8861132558, -1.123529609, 0.09631459473];
[-0.874190824, -1.127770144, 0.06558718378];
[-0.8669288506, -1.130388195, 0.03321249467];
[-0.8644715619, -1.131238692, 3.573349327e-17];
[-0.8669288506, -1.130388195, -0.03321249467];
[-0.874190824, -1.127770144, -0.06558718378];
[-0.8861132558, -1.123529609, -0.09631459473];
[-0.9023418202, -1.11769133, -0.1246174247];
[-0.9224296841, -1.110356043, -0.1497814484];
[-0.9458216856, -1.101653496, -0.1711683039];
[-0.9719303867, -1.09183547, -0.1882557994];
[-1.000013577, -1.081046433, -0.200609775];
[-1.029325249, -1.069529885, -0.2079350734];
[-1.059133585, -1.057602652, -0.2100790168];
[-1.059133585, -1.057602652, 0.2100790168];
[-1.028431497, -1.060058698, 0.2080775864];
[-0.9982548949, -1.062377632, 0.2008965785];
[-0.9692077524, -1.064258793, 0.1886326626];
[-0.9422961745, -1.066021727, 0.1716322356];
[-0.9181138389, -1.067461931, 0.1502720235];
[-0.8973569209, -1.06863466, 0.125092468];
[-0.880593809, -1.069547685, 0.09672594646];
[-0.8682375697, -1.070123314, 0.06588672646];
[-0.8607185376, -1.070522131, 0.03337031305];
[-0.8581953278, -1.070666659, 3.781239977e-17];
[-0.8607185376, -1.070522131, -0.03337031305];
[-0.8682375697, -1.070123314, -0.06588672646];
[-0.880593809, -1.069547685, -0.09672594646];
[-0.8973569209, -1.06863466, -0.125092468];
[-0.9181138389, -1.067461931, -0.1502720235];
[-0.9422961745, -1.066021727, -0.1716322356];
[-0.9692077524, -1.064258793, -0.1886326626];
[-0.9982548949, -1.062377632, -0.2008965785];
[-1.028431497, -1.060058698, -0.2080775864];
[-1.059133585, -1.057602652, -0.2100790168]];
