304.911000 844.035000 579.748000 961.616000 722.264000 1015.670000
393.696000 866.254000 633.903000 984.496000 757.427000 1026.780000
481.077000 906.504000 701.755000 1028.620000 817.896000 1068.850000
1292.600000 1465.660000 1282.850000 1493.570000 1303.260000 1489.470000
4043.530000 686.090000 3914.910000 608.798000 4003.080000 646.636000
534.852000 970.051000 732.652000 1091.280000 840.530000 1123.310000
381.943000 548.718000 317.475000 579.201000 303.152000 576.855000
765.206000 984.650000 888.124000 1108.020000 968.049000 1140.230000
4213.460000 583.290000 4133.350000 545.967000 4133.130000 549.378000
184.427000 871.723000 486.206000 977.555000 636.866000 1025.830000
460.858000 881.017000 682.811000 1006.420000 797.631000 1049.020000
3958.620000 678.227000 3416.950000 500.910000 3589.630000 525.862000
317.045000 874.392000 583.669000 990.626000 717.203000 1036.510000
439.339000 873.493000 669.243000 992.223000 787.208000 1034.640000
4102.830000 715.078000 3989.150000 638.626000 4064.350000 676.445000
4827.990000 1233.490000 4824.080000 1201.070000 4864.900000 1204.200000
510.726000 870.983000 717.987000 999.724000 827.315000 1042.690000
309.832000 899.800000 578.393000 1016.500000 713.634000 1061.180000
473.634000 814.050000 706.689000 949.170000 822.852000 997.999000
4732.810000 1359.530000 4729.730000 1343.680000 4787.320000 1364.390000
451.228000 805.256000 688.954000 937.791000 807.999000 987.081000
3944.040000 668.583000 3793.800000 594.430000 3898.320000 632.047000
3948.090000 645.799000 3798.880000 571.030000 3902.850000 607.890000
3973.670000 704.903000 3445.530000 521.832000 3613.820000 548.524000
253.988000 873.954000 363.938000 910.819000 529.993000 956.332000
769.130000 996.405000 890.997000 1118.990000 969.855000 1149.710000
772.550000 957.465000 900.351000 1087.720000 980.927000 1122.760000
4696.390000 1141.610000 4660.620000 1120.560000 4677.940000 1132.760000
166.025000 883.670000 472.051000 983.608000 624.958000 1028.170000
3974.770000 875.465000 3839.690000 802.743000 4096.220000 920.310000
3968.400000 662.397000 3425.820000 486.707000 3599.560000 512.555000
4191.780000 1260.410000 3951.790000 1186.600000 3802.680000 1156.280000
3931.340000 1001.880000 4006.550000 1007.370000 3887.070000 953.827000
556.985000 1254.890000 736.820000 1350.100000 845.333000 1372.050000
519.645000 880.613000 722.666000 1009.350000 830.729000 1052.180000
3947.590000 697.359000 3799.430000 621.755000 3575.750000 545.778000
256.751000 891.711000 366.138000 928.370000 532.033000 971.949000
5082.080000 1403.000000 5171.590000 1413.940000 5281.970000 1440.890000
3955.160000 889.498000 3381.350000 721.462000 3552.470000 735.159000
3887.390000 607.046000 3713.750000 531.632000 3835.780000 567.486000
4094.240000 786.010000 3989.210000 714.414000 4060.400000 748.587000
447.539000 853.883000 675.978000 980.845000 793.188000 1026.360000
2140.350000 1549.020000 1913.470000 1601.930000 1872.720000 1602.400000
173.155000 882.563000 479.430000 983.848000 632.380000 1029.960000
3947.120000 833.461000 3356.150000 659.891000 3533.310000 675.363000
5187.290000 1035.480000 5349.960000 966.392000 5501.830000 943.906000
3976.880000 714.742000 3836.380000 639.141000 3934.140000 675.599000
473.601000 1330.050000 690.719000 1407.140000 808.847000 1421.440000
3619.660000 418.936000 3684.850000 425.007000 4030.980000 566.988000
317.785000 931.161000 581.826000 1046.890000 715.249000 1090.640000
3982.910000 712.573000 4042.940000 746.550000 4108.720000 780.478000
206.080000 848.753000 503.045000 952.492000 649.853000 1000.420000
4161.080000 1324.400000 3905.210000 1297.340000 3724.190000 1316.110000
4998.880000 1159.120000 5051.860000 1120.200000 5129.580000 1109.470000
4239.970000 1271.590000 4086.220000 1217.240000 4018.330000 1207.370000
778.490000 971.894000 903.653000 1100.950000 984.050000 1135.960000
5286.620000 854.927000 5494.990000 791.839000 5664.850000 776.916000
2068.400000 1665.220000 1877.640000 1679.320000 1843.260000 1666.860000
4940.090000 1136.730000 4982.300000 1084.250000 5053.460000 1069.780000
5033.840000 1089.160000 5115.840000 1026.670000 5213.400000 1005.890000
4905.620000 1281.910000 4920.690000 1252.800000 4978.540000 1254.460000
5163.710000 968.793000 5304.850000 894.872000 5436.730000 867.443000
541.106000 1399.920000 735.769000 1470.860000 845.896000 1479.720000
5044.610000 1210.510000 5110.440000 1173.070000 5201.540000 1165.250000
4202.720000 921.074000 4111.160000 847.472000 4033.920000 786.013000
774.186000 1040.370000 896.206000 1154.620000 975.608000 1181.210000
4430.430000 1273.200000 4373.240000 1241.260000 4385.230000 1249.450000
4243.990000 1324.330000 4071.310000 1291.060000 3979.020000 1294.540000
5002.110000 926.161000 5069.700000 845.470000 5150.360000 815.646000
4992.180000 1105.490000 5048.840000 1047.850000 5125.010000 1030.770000
667.938000 1116.530000 822.721000 1232.770000 915.950000 1262.840000
4245.620000 1413.070000 4074.410000 1404.560000 3980.010000 1419.470000
238.846000 1295.380000 521.403000 1377.310000 670.187000 1399.110000
947.599000 1277.980000 1015.620000 1364.070000 1077.530000 1374.710000
4854.620000 1279.290000 4854.900000 1250.710000 4900.280000 1255.260000
4507.930000 1339.730000 4462.930000 1316.000000 4480.710000 1326.550000
194.671000 1216.550000 489.929000 1307.390000 644.933000 1336.760000
1721.140000 1600.050000 1677.630000 1619.870000 1694.910000 1607.890000
4573.940000 1323.490000 4532.290000 1300.730000 4548.960000 1311.090000
4975.010000 1016.650000 5029.450000 947.430000 5106.220000 923.753000
4298.700000 1329.310000 4171.930000 1302.440000 4128.470000 1313.530000
4831.090000 1376.680000 4826.280000 1362.860000 4872.710000 1375.750000
4336.780000 908.732000 4235.490000 797.639000 4206.170000 747.181000
4757.000000 1112.010000 4746.230000 1086.450000 4778.780000 1094.970000
4433.600000 1122.550000 4408.830000 1091.600000 4435.280000 1103.240000
1040.210000 1234.330000 1079.800000 1313.340000 1132.710000 1324.150000
4563.200000 1191.090000 4523.660000 1169.890000 4543.640000 1184.410000
4624.990000 1279.680000 4585.870000 1257.640000 4605.150000 1269.990000
4274.020000 1343.970000 4127.680000 1317.610000 4067.430000 1329.230000
4894.490000 1036.850000 4906.290000 984.470000 4949.680000 977.890000
4914.980000 1057.370000 4941.710000 999.640000 4999.030000 984.426000
5036.600000 921.476000 5114.760000 843.396000 5204.650000 814.269000
4325.030000 1341.620000 4212.240000 1312.320000 4180.720000 1323.670000
4470.830000 1289.320000 4420.980000 1259.000000 4437.180000 1267.700000
4536.860000 1294.320000 4495.790000 1265.840000 4515.980000 1281.470000
4604.410000 1213.460000 4565.830000 1192.370000 4584.580000 1205.310000
906.185000 1113.540000 987.771000 1219.510000 1054.330000 1242.050000
4150.870000 818.221000 4058.130000 746.129000 3959.910000 665.913000
5081.100000 1107.140000 5268.870000 1028.410000 5396.710000 1009.100000
555.480000 1320.870000 747.667000 1407.470000 856.307000 1422.570000
1031.800000 1742.790000 1151.550000 1740.800000 1220.930000 1716.130000
4099.200000 955.638000 4130.230000 967.435000 4067.380000 917.253000
1028.450000 1705.720000 1151.650000 1712.780000 1220.620000 1691.490000
4778.000000 1232.330000 4759.610000 1202.100000 4791.110000 1206.530000
4743.240000 1235.650000 4720.370000 1206.100000 4746.420000 1212.720000
1913.650000 1470.190000 1788.730000 1532.260000 1775.940000 1536.330000
408.200000 1269.910000 646.172000 1364.220000 772.111000 1385.830000
5028.040000 1388.710000 5093.870000 1382.700000 5189.220000 1398.650000
209.091000 1219.940000 315.470000 1249.870000 499.309000 1283.890000
4705.600000 1360.060000 4679.200000 1342.450000 4708.330000 1355.990000
1140.550000 1275.210000 1151.970000 1342.690000 1194.100000 1348.140000
4486.210000 1229.280000 4441.470000 1200.460000 4459.420000 1210.590000
4715.640000 1234.080000 4686.000000 1207.160000 4709.960000 1214.710000
3986.800000 1049.730000 4044.920000 1046.120000 3948.790000 1005.750000
1781.630000 1268.010000 1700.250000 1344.330000 1705.300000 1355.570000
4885.750000 1075.040000 4897.610000 1023.180000 4945.330000 1011.460000
4336.510000 937.656000 4231.220000 832.475000 4207.040000 792.843000
4965.450000 1183.850000 5008.640000 1140.340000 5081.130000 1131.490000
4461.090000 1335.200000 4410.360000 1310.010000 4425.480000 1321.300000
928.389000 1061.030000 999.724000 1169.220000 1062.650000 1192.960000
4462.630000 1389.490000 4412.100000 1365.700000 4427.030000 1380.020000
4139.660000 974.785000 4157.010000 978.660000 4110.120000 939.790000
354.252000 1437.930000 605.365000 1510.040000 739.551000 1523.030000
1050.790000 1198.440000 1088.360000 1285.100000 1139.680000 1298.090000
4282.500000 1168.310000 4143.250000 1094.170000 4088.040000 1066.410000
1911.760000 1520.260000 1790.040000 1566.430000 1779.620000 1563.050000
4509.320000 1264.050000 4466.530000 1236.950000 4486.060000 1247.300000
4955.630000 1164.340000 4993.370000 1116.660000 5058.130000 1108.140000
5319.380000 1344.230000 5526.390000 1348.760000 5720.850000 1368.300000
1087.480000 1262.010000 1113.730000 1336.440000 1161.010000 1343.800000
5372.080000 1188.000000 5605.000000 1167.960000 5802.300000 1175.030000
220.199000 1090.260000 324.434000 1122.810000 499.037000 1160.580000
4687.450000 1241.150000 4655.760000 1216.290000 4679.210000 1226.790000
4803.120000 1242.960000 4790.530000 1211.970000 4825.540000 1216.510000
195.918000 1240.160000 304.219000 1269.450000 489.856000 1301.670000
4448.270000 1296.200000 4395.290000 1264.440000 4408.660000 1274.240000
5116.580000 1120.650000 5229.390000 1065.970000 5349.170000 1048.750000
4771.400000 1205.580000 4752.230000 1174.870000 4783.060000 1178.220000
5329.850000 1325.900000 5552.160000 1331.430000 5753.960000 1347.770000
4304.370000 1093.460000 4179.110000 999.502000 4136.150000 957.079000
415.102000 1394.010000 647.991000 1473.300000 774.206000 1483.520000
4308.570000 1277.090000 4190.700000 1230.230000 4155.630000 1224.690000
4265.400000 1281.400000 4117.430000 1234.050000 4058.740000 1230.580000
4255.480000 1228.260000 4093.410000 1157.530000 4016.350000 1134.400000
1060.820000 1302.940000 1092.640000 1375.850000 1142.290000 1382.600000
2116.950000 1486.870000 1962.990000 1521.800000 1903.980000 1535.130000
4253.470000 1153.720000 4087.910000 1064.100000 4007.610000 1026.330000
4874.810000 1113.960000 4884.230000 1066.780000 4932.450000 1057.220000
1063.740000 1267.230000 1095.090000 1340.390000 1144.500000 1348.670000
430.903000 1311.240000 658.259000 1399.400000 781.430000 1417.460000
4390.020000 1338.080000 4326.330000 1311.770000 4334.540000 1322.530000
2536.950000 1730.720000 2103.390000 1733.470000 2003.860000 1715.820000
874.615000 1113.870000 962.825000 1218.030000 1031.870000 1240.570000
5032.700000 1120.010000 5106.480000 1065.100000 5198.900000 1048.440000
4945.460000 1322.180000 4979.590000 1301.140000 5048.630000 1308.390000
348.517000 1227.830000 602.179000 1324.920000 735.374000 1351.180000
781.843000 1557.600000 910.531000 1604.580000 995.581000 1598.880000
4302.810000 1034.200000 4175.040000 929.032000 4130.790000 884.420000
379.085000 1281.290000 623.086000 1372.640000 753.590000 1394.370000
4696.070000 1261.930000 4664.680000 1237.770000 4689.410000 1247.880000
4233.970000 1360.670000 4160.630000 1322.890000 4112.170000 1333.210000
4698.970000 1397.630000 4671.010000 1380.900000 4701.670000 1395.420000
4309.630000 1181.240000 4187.310000 1107.960000 4148.050000 1084.510000
1365.720000 1592.970000 1335.420000 1618.150000 1360.280000 1605.280000
343.400000 1264.960000 596.840000 1358.410000 731.633000 1381.370000
4763.610000 1428.500000 4758.700000 1422.980000 4806.400000 1440.800000
2123.090000 1509.160000 1898.030000 1568.940000 1856.750000 1572.100000
5028.590000 921.668000 5099.940000 843.989000 5183.150000 814.665000
1636.100000 1510.140000 1592.930000 1531.110000 1614.920000 1518.260000
4644.060000 1201.590000 4604.860000 1180.210000 4623.550000 1193.510000
4859.610000 1321.560000 4861.080000 1298.240000 4907.730000 1303.160000
4983.930000 1125.340000 5035.380000 1071.240000 5112.130000 1055.070000
3528.290000 2009.690000 3531.090000 2014.410000 3532.800000 2014.450000
4743.490000 1179.060000 4719.460000 1145.590000 4746.760000 1150.010000
4363.590000 1131.550000 4294.270000 1080.860000 4298.390000 1076.240000
557.772000 1533.850000 746.490000 1587.290000 856.660000 1586.430000
4428.010000 1339.840000 4371.790000 1314.750000 4384.300000 1326.390000
5517.670000 2010.370000 5544.100000 1996.010000 5542.760000 1998.210000
4442.390000 1342.650000 4388.410000 1317.300000 4402.220000 1329.760000
4995.410000 1134.180000 5050.700000 1082.180000 5129.940000 1068.610000
4983.090000 1253.090000 5031.610000 1220.660000 5110.530000 1219.580000
4948.190000 1305.550000 4981.900000 1281.930000 5050.560000 1284.510000
5391.450000 866.940000 5650.150000 805.514000 5849.530000 793.760000
4045.760000 1040.590000 4090.260000 1041.470000 4010.970000 997.851000
4513.660000 1295.810000 4470.970000 1273.020000 4489.370000 1284.830000
4415.770000 1350.610000 4356.930000 1326.160000 4368.250000 1337.080000
4478.880000 1258.050000 4431.180000 1228.130000 4447.910000 1236.730000
3995.090000 1173.960000 4048.310000 1155.820000 3956.760000 1129.460000
217.031000 1248.620000 507.307000 1337.020000 659.063000 1363.330000
4794.530000 1442.670000 4796.180000 1439.190000 4848.650000 1458.480000
4382.140000 1411.840000 4307.310000 1393.310000 4311.500000 1411.600000
5007.610000 1080.030000 5067.790000 1020.940000 5148.810000 1001.440000
4565.790000 1282.520000 4525.510000 1258.600000 4545.420000 1270.910000
2147.150000 1734.610000 1924.450000 1729.190000 1879.220000 1711.270000
4758.120000 1150.610000 4737.160000 1113.550000 4765.120000 1115.920000
1042.100000 1732.150000 1161.790000 1732.130000 1230.590000 1708.240000
4771.340000 1164.660000 4753.390000 1128.800000 4783.500000 1130.390000
4402.440000 1398.520000 4339.500000 1381.750000 4349.760000 1398.770000
5397.810000 842.484000 5660.360000 780.706000 5859.990000 769.161000
4839.620000 1223.980000 4837.090000 1188.880000 4878.340000 1191.170000
4842.470000 1084.230000 4843.040000 1035.350000 4882.740000 1027.470000
1697.000000 1574.710000 1652.540000 1595.540000 1671.710000 1583.300000
4952.060000 1258.040000 4987.490000 1226.120000 5056.470000 1225.690000
157.362000 1327.730000 266.179000 1352.460000 458.780000 1380.310000
5337.960000 1158.200000 5564.840000 1130.490000 5761.180000 1132.740000
4680.500000 1194.590000 4642.310000 1174.180000 4661.560000 1186.130000
4959.450000 1335.130000 4998.010000 1314.760000 5071.940000 1320.480000
5028.640000 1106.810000 5099.610000 1047.930000 5189.890000 1028.030000
1645.310000 1586.020000 1599.810000 1608.840000 1617.710000 1597.550000
4460.430000 1357.080000 4409.630000 1333.170000 4425.120000 1346.780000
4545.070000 1384.550000 4502.530000 1361.020000 4523.840000 1373.380000
850.166000 1162.240000 834.795000 1191.420000 924.291000 1221.240000
1847.420000 1476.990000 1749.670000 1527.800000 1746.590000 1528.280000
1363.660000 1530.310000 1320.230000 1556.470000 1346.190000 1544.570000
4926.720000 1200.760000 4953.780000 1159.340000 5015.060000 1153.020000
4600.720000 1333.220000 4561.570000 1310.770000 4582.090000 1323.240000
4817.730000 1127.570000 4812.070000 1085.260000 4849.270000 1081.230000
4510.520000 1382.710000 4461.580000 1362.180000 4479.440000 1376.310000
5281.970000 1305.320000 5483.840000 1301.550000 5674.810000 1313.480000
1106.300000 1306.390000 1126.110000 1371.790000 1171.430000 1376.580000
4849.870000 1244.980000 4848.950000 1212.920000 4892.230000 1213.300000
4780.900000 1176.200000 4764.400000 1140.750000 4796.500000 1142.490000
1858.340000 1443.100000 1755.290000 1499.060000 1750.770000 1502.320000
1244.370000 1425.610000 1216.130000 1458.570000 1243.490000 1448.800000
1676.170000 1576.960000 1631.020000 1599.140000 1649.830000 1587.200000
4237.150000 1312.850000 4056.120000 1272.130000 3957.770000 1271.250000
1682.090000 1470.940000 1639.620000 1491.380000 1660.610000 1478.840000
3522.890000 2024.740000 3525.130000 2029.350000 3527.120000 2029.880000
4231.230000 1139.830000 4158.020000 1092.130000 4108.260000 1065.770000
4130.080000 896.159000 4150.450000 909.680000 4098.150000 859.179000
4873.560000 1096.080000 4885.000000 1045.010000 4931.770000 1035.210000
4690.880000 1313.380000 4655.840000 1290.990000 4678.760000 1301.790000
1079.930000 1747.830000 1183.010000 1743.340000 1245.630000 1718.330000
1128.330000 1292.260000 1142.450000 1358.860000 1185.920000 1361.370000
187.987000 1232.980000 298.086000 1263.890000 483.943000 1295.340000
5345.120000 1147.280000 5579.310000 1117.770000 5777.950000 1117.740000
4930.260000 1159.530000 4958.670000 1113.980000 5019.460000 1106.870000
4910.040000 1115.090000 4932.070000 1062.870000 4987.310000 1050.850000
5014.140000 957.064000 5079.870000 883.789000 5160.520000 856.146000
4748.610000 1199.980000 4725.470000 1167.900000 4753.550000 1172.090000
4523.610000 1315.190000 4480.910000 1289.920000 4500.060000 1301.420000
676.977000 1046.280000 826.330000 1166.050000 916.870000 1198.400000
1861.560000 1485.530000 1757.950000 1533.350000 1752.540000 1533.820000
5019.360000 936.925000 5088.920000 861.976000 5172.730000 831.363000
4639.100000 1306.930000 4600.650000 1284.870000 4621.570000 1297.060000
253.238000 1011.880000 357.336000 1045.510000 528.478000 1087.130000
278.123000 1447.150000 557.216000 1519.160000 703.212000 1528.790000
5178.870000 1069.750000 5327.250000 1007.780000 5472.260000 986.797000
4901.460000 1208.560000 4918.540000 1169.770000 4973.330000 1165.780000
4411.490000 1381.290000 4352.650000 1359.500000 4363.710000 1373.230000
5331.340000 812.703000 5561.920000 738.045000 5744.140000 716.544000
4393.000000 1353.530000 4330.110000 1329.650000 4339.450000 1340.350000
983.715000 1114.470000 1037.400000 1212.500000 1094.230000 1231.150000
4832.310000 1299.660000 4827.730000 1274.130000 4869.010000 1280.260000
4904.900000 1170.880000 4923.640000 1127.860000 4978.650000 1121.720000
4974.910000 1351.680000 5019.050000 1336.150000 5094.900000 1345.210000
4667.560000 1297.840000 4632.390000 1273.060000 4653.820000 1285.530000
4433.020000 1306.250000 4375.990000 1276.980000 4388.280000 1286.490000
4449.870000 1371.840000 4397.010000 1349.750000 4411.830000 1363.790000
4890.540000 1101.940000 4905.250000 1053.260000 4954.930000 1044.250000
4764.870000 1187.560000 4744.520000 1154.330000 4773.780000 1157.250000
4753.670000 1244.210000 4730.070000 1215.600000 4758.160000 1221.770000
1733.800000 1580.030000 1691.840000 1600.380000 1709.260000 1588.580000
4850.620000 1112.320000 4852.020000 1066.250000 4891.430000 1060.010000
5407.920000 886.732000 5670.370000 829.500000 5871.880000 820.335000
5203.250000 924.562000 5368.470000 845.553000 5517.790000 816.741000
4059.010000 1280.230000 3671.460000 1233.020000 3366.100000 1245.050000
4614.610000 1337.270000 4574.750000 1315.530000 4595.310000 1328.260000
4444.080000 1310.790000 4388.930000 1284.580000 4402.620000 1293.410000
4522.390000 1283.610000 4479.870000 1258.260000 4498.900000 1268.980000
4438.930000 1223.080000 4384.760000 1186.900000 4396.820000 1190.910000
4747.840000 1146.070000 4724.050000 1112.840000 4753.820000 1109.240000
4690.500000 1291.430000 4657.010000 1268.320000 4680.080000 1278.630000
4775.410000 1192.730000 4757.550000 1158.350000 4788.240000 1161.860000
4823.810000 1183.580000 4817.640000 1146.570000 4856.980000 1143.870000
4277.420000 1266.860000 4132.370000 1213.140000 4073.200000 1202.900000
1251.440000 1438.740000 1222.890000 1470.750000 1249.850000 1460.760000
4800.150000 1149.190000 4787.680000 1110.210000 4821.470000 1109.090000
1094.030000 1284.430000 1117.210000 1353.780000 1163.900000 1360.370000
4524.060000 1253.340000 4481.360000 1227.180000 4501.250000 1240.080000
1645.620000 1633.420000 1600.860000 1654.700000 1618.770000 1642.960000
4594.820000 1182.960000 4556.120000 1161.270000 4575.050000 1174.190000
1669.660000 1467.400000 1627.340000 1487.630000 1648.330000 1475.170000
4475.840000 1317.790000 4427.260000 1291.850000 4443.910000 1302.930000
4609.310000 1268.410000 4570.740000 1247.190000 4590.470000 1259.430000
4668.310000 1251.270000 4633.070000 1226.360000 4654.920000 1236.030000
4944.280000 1365.900000 4974.190000 1351.720000 5042.270000 1363.400000
4417.680000 1180.130000 4360.190000 1137.980000 4370.730000 1138.880000
4969.110000 1341.910000 5009.410000 1324.040000 5084.320000 1331.680000
4674.170000 1274.480000 4639.550000 1251.600000 4662.000000 1261.280000
4614.360000 1306.660000 4575.390000 1284.280000 4596.580000 1296.340000
4638.300000 1295.590000 4599.330000 1273.840000 4617.760000 1285.990000
4282.730000 1256.550000 4143.110000 1199.310000 4087.860000 1186.310000
4419.930000 1215.080000 4361.950000 1176.040000 4372.920000 1179.670000
810.655000 1610.270000 919.330000 1644.940000 998.335000 1634.040000
1833.420000 1418.230000 1738.820000 1478.410000 1736.690000 1481.760000
5386.930000 1181.260000 5626.970000 1161.940000 5828.210000 1167.360000
847.104000 1098.090000 832.074000 1128.810000 921.209000 1161.630000
4604.400000 1313.310000 4564.280000 1291.110000 4584.630000 1303.050000
5431.190000 1327.100000 5628.010000 1333.450000 5840.810000 1352.380000
4437.490000 1175.430000 4382.410000 1134.190000 4394.320000 1135.560000
4979.800000 1361.590000 5023.570000 1348.600000 5102.750000 1359.040000
5390.760000 1155.630000 5632.360000 1138.210000 5833.690000 1142.160000
4354.220000 1400.670000 4249.600000 1388.140000 4225.850000 1408.210000
4480.130000 1328.290000 4432.600000 1302.850000 4449.170000 1314.450000
4442.470000 1326.470000 4388.050000 1299.490000 4401.930000 1309.800000
4656.000000 1308.170000 4618.690000 1285.690000 4640.090000 1297.270000
118.040000 1322.630000 429.198000 1402.850000 425.294000 1373.690000
4710.400000 1262.440000 4679.780000 1236.070000 4704.140000 1244.400000
4753.090000 1438.680000 4746.070000 1433.390000 4792.800000 1453.150000
4905.220000 1220.520000 4921.590000 1183.560000 4976.110000 1180.340000
823.884000 1124.010000 810.265000 1153.030000 903.720000 1185.160000
820.839000 1143.370000 807.176000 1172.470000 900.913000 1203.850000
4437.810000 1191.160000 4383.580000 1151.120000 4396.410000 1154.350000
4639.580000 1400.870000 4583.770000 1371.910000 4645.260000 1404.240000
4105.940000 868.062000 4135.770000 887.098000 4073.590000 830.603000
826.041000 1105.530000 812.161000 1135.640000 904.796000 1168.100000
5037.060000 1469.170000 5103.050000 1480.980000 5203.990000 1506.570000
4990.310000 1227.410000 5044.240000 1190.220000 5126.210000 1184.330000
1061.780000 1772.840000 1173.680000 1760.570000 1239.640000 1732.290000
4484.350000 1379.400000 4433.380000 1358.930000 4450.350000 1372.660000
4763.630000 1228.500000 4742.690000 1198.130000 4772.330000 1202.950000
4883.090000 1027.280000 4890.850000 974.835000 4932.840000 965.170000
4485.170000 1260.600000 4439.800000 1232.240000 4457.590000 1242.020000
4416.900000 1393.190000 4356.450000 1373.110000 4366.940000 1387.630000
838.487000 1154.320000 823.843000 1182.590000 915.295000 1213.310000
4839.740000 1141.900000 4838.370000 1099.400000 4879.010000 1094.990000
577.735000 1580.550000 754.995000 1624.790000 859.435000 1619.000000
4882.320000 1318.780000 4891.040000 1295.700000 4940.800000 1299.490000
1749.480000 1307.870000 1676.360000 1374.680000 1684.550000 1381.930000
4743.510000 1253.720000 4718.220000 1225.670000 4745.590000 1232.200000
5128.600000 957.726000 5237.260000 948.600000 5358.530000 921.843000
954.544000 1092.340000 1019.080000 1196.930000 1079.160000 1217.710000
5054.590000 1142.600000 5136.850000 1090.250000 5237.430000 1074.750000
1654.440000 1464.140000 1611.730000 1484.290000 1632.780000 1471.970000
4683.900000 1335.460000 4649.430000 1313.870000 4673.730000 1325.200000
4528.650000 1273.560000 4486.040000 1247.950000 4504.780000 1258.050000
5379.680000 1187.220000 5615.270000 1170.750000 5814.980000 1176.870000
660.597000 1064.000000 815.607000 1183.720000 907.883000 1214.670000
5190.120000 928.534000 5348.710000 848.608000 5494.200000 819.215000
4883.640000 1089.660000 4896.910000 1038.630000 4945.970000 1027.790000
1390.590000 1586.760000 1358.140000 1612.320000 1381.990000 1599.850000
4782.330000 1247.180000 4764.520000 1217.510000 4796.470000 1222.780000
4626.920000 1338.060000 4588.680000 1316.280000 4609.600000 1328.560000
5346.200000 1049.810000 5578.010000 1002.240000 5772.740000 993.828000
4579.050000 1310.580000 4538.940000 1287.930000 4559.570000 1299.910000
1377.340000 1623.540000 1346.120000 1646.860000 1371.030000 1633.380000
4828.100000 1125.930000 4824.370000 1081.200000 4862.810000 1076.110000
2102.470000 1636.380000 1892.710000 1658.890000 1853.690000 1648.890000
4656.250000 1287.680000 4619.730000 1264.290000 4641.410000 1275.560000
4796.110000 1239.140000 4782.190000 1208.050000 4816.300000 1212.750000
1398.560000 1541.980000 1362.160000 1567.740000 1385.360000 1555.460000
4389.920000 1249.120000 4325.860000 1211.830000 4333.780000 1216.550000
4657.800000 1260.860000 4620.750000 1240.690000 4641.720000 1252.140000
4628.530000 1220.900000 4589.110000 1199.780000 4607.970000 1212.460000
4411.660000 1337.730000 4352.290000 1311.410000 4362.750000 1322.920000
1676.200000 1488.410000 1633.570000 1508.280000 1654.310000 1496.050000
4677.750000 1312.880000 4642.610000 1290.660000 4665.470000 1301.530000
4853.070000 1363.930000 4852.200000 1346.520000 4898.680000 1356.720000
4039.360000 1191.650000 3627.730000 1105.490000 3302.770000 1097.710000
213.064000 1228.710000 319.892000 1259.450000 503.477000 1293.200000
1379.430000 1516.100000 1342.930000 1543.130000 1366.030000 1530.820000
4396.300000 1144.280000 4333.450000 1097.000000 4341.620000 1094.790000
4565.280000 1342.310000 4523.790000 1319.910000 4544.880000 1333.140000
4537.820000 1279.310000 4496.150000 1255.070000 4515.780000 1266.590000
4580.840000 1219.980000 4541.550000 1198.090000 4561.670000 1211.610000
4711.780000 1344.860000 4679.480000 1323.150000 4707.130000 1334.440000
1715.270000 1591.460000 1672.830000 1611.810000 1692.000000 1599.940000
5440.530000 1012.550000 5591.590000 976.634000 5787.980000 968.223000
4627.760000 1199.950000 4588.350000 1179.380000 4607.130000 1192.160000
4858.730000 1353.860000 4864.510000 1334.740000 4914.530000 1344.330000
4737.430000 1107.320000 4700.440000 1087.520000 4718.050000 1099.420000
4757.330000 1142.140000 4736.410000 1105.900000 4764.580000 1107.990000
4446.600000 1189.730000 4394.080000 1150.280000 4407.040000 1153.380000
4818.710000 1364.040000 4808.970000 1345.670000 4848.420000 1356.490000
1709.080000 1583.520000 1666.680000 1604.150000 1685.320000 1592.380000
4626.980000 1209.250000 4588.100000 1188.280000 4607.070000 1201.070000
4763.820000 1244.520000 4742.410000 1215.050000 4772.290000 1219.800000
4907.520000 1320.570000 4923.840000 1298.310000 4980.750000 1304.330000
4441.710000 1393.690000 4385.430000 1374.440000 4399.910000 1389.210000
1384.450000 1617.530000 1353.600000 1641.000000 1378.690000 1628.160000
4773.170000 1440.010000 4769.940000 1435.250000 4818.420000 1455.460000
4746.630000 1237.200000 4722.860000 1207.570000 4750.940000 1213.300000
4578.340000 1287.890000 4539.160000 1265.130000 4558.980000 1276.620000
5400.960000 1250.020000 5652.860000 1247.990000 5862.930000 1261.240000
4527.940000 1240.080000 4486.430000 1212.130000 4505.900000 1222.400000
4693.740000 1409.820000 4667.020000 1394.830000 4697.740000 1409.600000
969.453000 1104.740000 1027.930000 1205.190000 1086.680000 1225.330000
4482.920000 1270.340000 4435.960000 1241.000000 4453.120000 1250.830000
4730.270000 1342.440000 4701.350000 1321.570000 4728.890000 1330.520000
4396.270000 1164.790000 4333.520000 1118.600000 4341.740000 1117.610000
1255.990000 1448.020000 1227.500000 1479.510000 1254.140000 1469.420000
1931.200000 1474.500000 1798.910000 1533.100000 1784.500000 1535.890000
4544.530000 1271.790000 4503.270000 1247.020000 4523.090000 1258.790000
4374.770000 1127.290000 4307.890000 1076.340000 4313.300000 1071.990000
4411.030000 1312.060000 4351.220000 1285.720000 4361.560000 1294.590000
4053.800000 1199.390000 4095.600000 1177.840000 4021.660000 1159.040000
4729.560000 1206.520000 4702.110000 1177.310000 4728.370000 1182.020000
4600.490000 1213.810000 4561.600000 1192.140000 4580.080000 1205.160000
4409.740000 1224.500000 4350.510000 1186.410000 4361.390000 1188.460000
4638.130000 1216.220000 4599.340000 1195.330000 4618.640000 1207.810000
1073.520000 1192.950000 1106.720000 1280.030000 1156.130000 1292.750000
4682.510000 1268.420000 4647.960000 1244.420000 4670.000000 1254.130000
4742.850000 1206.490000 4718.040000 1175.760000 4745.120000 1180.800000
4330.580000 1091.640000 4225.040000 1007.830000 4201.600000 981.103000
4693.790000 1307.210000 4662.540000 1282.920000 4686.200000 1292.030000
4627.000000 1308.340000 4588.440000 1285.920000 4609.080000 1298.000000
5018.620000 1118.430000 5085.560000 1062.570000 5173.490000 1044.820000
4745.460000 1246.350000 4721.470000 1218.070000 4750.820000 1224.090000
1637.120000 1496.170000 1594.700000 1517.090000 1615.850000 1504.010000
4936.850000 1176.440000 4967.840000 1131.660000 5031.580000 1122.700000
4741.980000 1220.920000 4716.830000 1190.270000 4743.980000 1196.290000
1107.420000 1346.380000 1126.950000 1409.870000 1172.370000 1412.180000
4996.810000 1236.420000 5050.300000 1201.280000 5129.920000 1197.070000
4396.680000 1194.990000 4335.800000 1153.660000 4342.810000 1152.950000
4599.380000 1273.050000 4559.760000 1250.080000 4580.230000 1262.340000
1665.780000 1479.780000 1623.690000 1499.920000 1645.180000 1487.340000
4535.310000 1267.340000 4493.890000 1242.890000 4513.280000 1254.060000
4840.940000 1072.190000 4841.630000 1021.740000 4881.740000 1013.920000
4786.370000 1165.630000 4771.110000 1128.600000 4802.820000 1129.110000
4712.480000 1254.780000 4681.320000 1227.930000 4706.010000 1235.750000
5323.880000 1315.900000 5544.070000 1318.320000 5744.330000 1333.940000
5315.040000 795.979000 5548.350000 716.997000 5732.810000 694.111000
1372.100000 1521.950000 1336.010000 1548.590000 1359.040000 1536.620000
1284.630000 1637.240000 1261.650000 1660.350000 1291.190000 1646.420000
1316.930000 1514.910000 1273.560000 1541.390000 1299.180000 1529.230000
4774.680000 1242.620000 4755.280000 1212.890000 4786.410000 1217.660000
1090.020000 1517.300000 1115.220000 1558.330000 1161.920000 1551.710000
4589.600000 1352.030000 4549.510000 1330.410000 4570.250000 1343.080000
4493.300000 1292.450000 4447.030000 1265.610000 4465.520000 1275.050000
4770.230000 1250.540000 4750.540000 1221.200000 4781.180000 1226.970000
1242.580000 1438.010000 1214.010000 1469.740000 1241.860000 1460.130000
4543.470000 1164.570000 4504.210000 1142.870000 4523.200000 1156.030000
1653.620000 1601.030000 1608.480000 1622.440000 1625.840000 1610.900000
4639.170000 1223.860000 4600.460000 1202.470000 4619.010000 1215.440000
1719.600000 1598.540000 1676.640000 1619.280000 1695.640000 1607.120000
1718.400000 1583.340000 1675.770000 1604.020000 1694.630000 1591.940000
4793.840000 1157.890000 4780.010000 1118.010000 4812.820000 1117.600000
4746.430000 1228.020000 4721.530000 1199.020000 4749.400000 1204.930000
967.009000 1027.700000 1031.180000 1140.490000 1091.920000 1166.650000
4801.020000 1229.410000 4787.070000 1198.720000 4822.270000 1200.810000
748.877000 1525.710000 880.971000 1578.740000 967.667000 1575.150000
5399.670000 885.095000 5662.670000 825.697000 5864.120000 814.853000
1284.300000 1628.590000 1261.010000 1652.060000 1290.200000 1638.280000
5371.220000 1044.110000 5614.290000 999.918000 5814.350000 994.437000
4653.770000 1205.910000 4615.590000 1185.630000 4631.570000 1197.260000
4928.510000 1321.520000 4951.000000 1299.300000 5017.090000 1305.180000
4717.680000 1220.880000 4688.800000 1192.590000 4713.440000 1199.350000
5076.950000 983.127000 5173.700000 907.884000 5278.010000 880.048000
4514.490000 1364.550000 4467.400000 1342.040000 4484.930000 1354.610000
1629.660000 1493.010000 1587.700000 1513.690000 1608.590000 1500.960000
257.922000 1112.690000 537.689000 1216.250000 681.905000 1251.720000
4868.140000 1126.380000 4875.850000 1080.040000 4920.640000 1072.460000
4650.060000 1281.000000 4611.160000 1260.900000 4630.530000 1272.270000
4862.630000 1136.620000 4867.220000 1091.350000 4911.070000 1085.280000
4245.800000 1237.590000 4176.710000 1195.840000 4135.920000 1184.940000
4673.950000 1220.780000 4635.510000 1200.240000 4654.520000 1212.390000
4727.010000 1183.800000 4699.550000 1151.950000 4724.510000 1157.550000
4533.380000 1361.220000 4488.810000 1339.190000 4508.390000 1351.870000
4467.470000 1313.100000 4418.260000 1285.070000 4434.080000 1299.950000
4410.110000 1300.290000 4350.180000 1270.180000 4360.220000 1278.350000
4493.450000 1392.880000 4441.370000 1373.140000 4456.010000 1388.740000
1701.640000 1557.410000 1658.790000 1577.960000 1678.670000 1565.930000
4639.120000 1260.850000 4596.700000 1240.170000 4617.340000 1252.650000
4633.290000 1267.400000 4594.040000 1246.510000 4613.300000 1259.080000
4762.050000 1178.020000 4740.880000 1143.780000 4770.020000 1146.540000
4718.060000 1269.180000 4688.450000 1243.220000 4713.770000 1251.620000
4555.460000 1282.600000 4514.230000 1258.400000 4534.490000 1269.690000
4686.530000 1302.970000 4651.760000 1279.850000 4674.870000 1290.300000
4619.480000 1215.370000 4580.220000 1194.530000 4599.210000 1207.210000
4683.520000 1378.980000 4652.670000 1360.100000 4679.400000 1372.730000
1001.760000 1280.990000 1050.050000 1359.250000 1106.230000 1369.860000
5014.750000 1124.820000 5079.950000 1069.420000 5166.250000 1053.340000
4717.540000 1350.600000 4686.870000 1329.790000 4713.800000 1340.840000
952.392000 1514.800000 902.471000 1521.860000 983.911000 1500.400000
5306.910000 1314.260000 5516.780000 1314.780000 5712.300000 1328.470000
4786.370000 1430.530000 4786.550000 1423.970000 4837.780000 1442.340000
4686.540000 1359.480000 4653.940000 1338.890000 4676.590000 1350.380000
4400.880000 1329.490000 4338.820000 1301.420000 4348.260000 1312.440000
1722.610000 1577.570000 1679.470000 1598.070000 1698.200000 1585.850000
4478.250000 1228.650000 4433.580000 1200.110000 4451.600000 1210.080000
4611.470000 1213.520000 4572.050000 1192.430000 4590.990000 1205.280000
5052.080000 1038.680000 5135.610000 971.394000 5233.150000 947.435000
961.949000 1071.830000 1023.330000 1177.300000 1082.790000 1199.560000
4800.130000 1107.160000 4788.670000 1066.810000 4820.970000 1063.520000
5155.120000 850.028000 5289.000000 765.881000 5413.200000 733.360000
1242.830000 1459.550000 1214.830000 1490.350000 1242.160000 1480.510000
4756.110000 1189.900000 4734.590000 1158.360000 4762.650000 1161.450000
4978.910000 988.634000 5028.830000 920.710000 5099.740000 897.066000
1661.770000 1470.010000 1618.710000 1489.810000 1639.890000 1477.210000
4617.190000 1208.790000 4578.040000 1187.690000 4597.790000 1200.490000
4401.860000 1151.240000 4340.350000 1105.400000 4348.880000 1104.500000
4485.390000 1298.930000 4439.030000 1271.450000 4456.210000 1281.660000
4844.220000 1099.620000 4844.260000 1053.040000 4884.330000 1045.960000
163.182000 1259.170000 465.169000 1346.980000 623.852000 1373.360000
132.432000 1211.020000 246.143000 1236.870000 439.977000 1270.950000
4621.490000 1290.370000 4583.060000 1268.030000 4604.190000 1280.270000
4369.030000 1192.450000 4301.630000 1148.260000 4306.060000 1148.020000
5406.110000 882.764000 5669.990000 823.915000 5871.770000 814.327000
4560.280000 1215.570000 4520.610000 1194.160000 4540.260000 1207.190000
4605.040000 1299.720000 4564.930000 1276.820000 4585.310000 1288.610000
4765.940000 1198.020000 4745.770000 1164.400000 4775.330000 1168.020000
832.984000 1172.250000 820.402000 1200.960000 910.301000 1229.910000
4658.030000 1199.320000 4618.510000 1178.500000 4637.580000 1191.180000
4718.160000 1177.510000 4689.370000 1145.660000 4713.920000 1151.240000
4595.310000 1231.110000 4555.310000 1209.770000 4574.120000 1223.090000
190.786000 1332.660000 298.257000 1359.840000 484.961000 1386.500000
5472.060000 1232.100000 5752.040000 1237.180000 5732.260000 1219.700000
1271.940000 1607.370000 1250.820000 1633.130000 1280.360000 1619.980000
1255.810000 1462.980000 1227.280000 1494.030000 1253.760000 1484.350000
1656.640000 1552.160000 1610.710000 1576.190000 1628.730000 1565.060000
4547.540000 1170.000000 4508.650000 1146.960000 4527.640000 1160.200000
4603.080000 1149.720000 4564.440000 1128.570000 4583.130000 1141.270000
1707.960000 1517.200000 1665.890000 1537.310000 1686.070000 1525.610000
1662.800000 1550.800000 1617.080000 1574.670000 1635.730000 1563.210000
4697.310000 1128.540000 4659.820000 1108.250000 4677.590000 1120.480000
4619.480000 1315.120000 4580.370000 1293.000000 4601.080000 1305.030000
4850.290000 1137.790000 4851.940000 1093.760000 4893.730000 1088.040000
5190.950000 956.130000 5237.270000 912.787000 5358.120000 884.512000
1641.940000 1544.100000 1596.600000 1568.880000 1614.790000 1557.540000
265.467000 1108.970000 370.645000 1145.010000 544.466000 1184.880000
4857.970000 1132.650000 4862.020000 1087.830000 4904.880000 1081.070000
4699.940000 1299.860000 4667.470000 1276.120000 4691.380000 1286.040000
4529.090000 1265.250000 4487.420000 1238.140000 4506.960000 1249.210000
5354.180000 1153.020000 5587.800000 1124.510000 5787.460000 1125.690000
4626.730000 1299.210000 4587.730000 1276.470000 4607.530000 1287.870000
4670.700000 1243.010000 4635.340000 1218.340000 4657.740000 1226.870000
4217.460000 830.672000 4142.440000 769.014000 4088.180000 710.272000
797.620000 1139.360000 785.213000 1167.080000 883.772000 1200.300000
4697.530000 1341.510000 4665.060000 1319.190000 4689.500000 1329.740000
4633.790000 1392.100000 4578.170000 1363.050000 4639.230000 1390.230000
5016.190000 1149.890000 5080.840000 1099.050000 5168.090000 1084.930000
1713.720000 1578.000000 1670.720000 1598.720000 1689.740000 1586.380000
1250.660000 1428.300000 1222.430000 1461.110000 1249.530000 1451.220000
4835.010000 1111.970000 4832.810000 1066.150000 4872.390000 1059.740000
1657.500000 1563.610000 1613.270000 1588.710000 1631.090000 1577.370000
